genus	Pame_1	Pame_2	Pame_3	Pame_4	Pame_5	Pame_6	Pful_1	Pful_2	Pful_3	Pful_4	Pful_5	Pful_6	Esin_1	Esin_2	Esin_3	Esin_4	Esin_5	Esin_6	Bger_1	Bger_2	Bger_3	Bger_4	Bger_5	Bger_6	regulation
d_Archaea;p_Halobacteriota;c_Methanomicrobia;o_Methanomicrobiales;f_Methanocorpusculaceae;g_Methanocorpusculum	0.001247124	0.000750632	0.001532667	0.000617449	0.000890181	0.001818798	8.84406E-06	8.9142E-06	1.04637E-05	7.77945E-06	1.21373E-05	1.17099E-05	0.003625105	0.004399694	0.003373922	0.001525921	0.005659747	0.011736766	3.23568E-06	2.53771E-06	2.85385E-06	3.27824E-06	3.8925E-06	1.20603E-05	no-sig
d_Archaea;p_Halobacteriota;c_Methanosarcinia;o_Methanosarcinales;f_Methanosarcinaceae;g_Methanimicrococcus	0.002124879	0.003766341	0.003290184	0.002455398	0.002622975	0.004852726	0.004198577	0.001472747	0.001149464	0.001591878	0.000522848	0.003827828	0.001809857	0.00073215	0.001164589	0.001569838	0.001544146	0.002516922	0.000287905	0.001902822	0.000239651	8.64985E-05	0.00044622	0.00011854	no-sig
d_Archaea;p_Thermoplasmatota;c_Thermoplasmata;o_Methanomassiliicoccales;f_Methanomethylophilaceae;g_WRKA01	0.000817506	0.001079435	0.001219894	0.001090483	0.00127114	0.001344009	0.00252064	0.001246349	0.000384867	0.00033103	0.000387142	0.001109253	0.000504329	0.000365221	0.000665991	0.000359769	0.000434433	0.001166588	3.75151E-07	1.05299E-07	3.74184E-07	7.35031E-08	9.06472E-07	2.99744E-07	no-sig
d_Bacteria;p_Actinomycetota;c_Actinomycetes;o_Actinomycetales;f_Micrococcaceae;g_Rothia	3.11418E-06	3.4784E-06	4.29584E-06	4.41056E-06	5.48212E-06	5.61759E-06	0	0	0	0	0	0	0.004229148	0.002666341	0.002389629	0.00232996	0.002533535	0.002885788	0	0	0	0	0	0	no-sig
d_Bacteria;p_Actinomycetota;c_Actinomycetes;o_Mycobacteriales;f_Mycobacteriaceae;g_Corynebacterium	0.000315445	0.000538888	0.000346001	0.000326104	0.000349202	0.000347393	0.010849103	0.000150494	0.000317625	0.000185003	0.000128818	0.000113286	0.014616035	0.003721475	0.005356014	0.002451114	0.005156733	0.007708996	0	0	0	0	0	0	Esin
d_Bacteria;p_Actinomycetota;c_Actinomycetes;o_Mycobacteriales;f_Mycobacteriaceae;g_Rhodococcus	1.20415E-06	2.44027E-06	4.3353E-06	2.11887E-06	3.32942E-06	5.15951E-06	0	0	0	0	0	0	0.002458513	0.003115844	0.003287485	0.003994107	0.00504053	0.007442382	4.748E-06	4.48047E-06	3.89264E-06	1.19565E-06	4.43333E-06	3.61456E-06	no-sig
d_Bacteria;p_Actinomycetota;c_Coriobacteriia;o_Coriobacteriales;f_Eggerthellaceae;g_Raoultibacter	0.000966987	0.001336358	0.001577464	0.003106531	0.002026815	0.002582303	0.002268251	0.003097687	0.002662436	0.001886927	0.003574698	0.004648671	0.001053725	0.000828913	0.000769056	0.001879922	0.000955354	0.001179989	0.000576285	0.000862541	0.000562355	0.000145419	0.000852114	0.000251229	no-sig
d_Bacteria;p_Actinomycetota;c_Coriobacteriia;o_Coriobacteriales;f_UBA8131;g_WQXH01	0.001047508	0.002424334	0.002863898	0.002926562	0.003652694	0.003971132	0.000927219	0.000726019	0.000697699	0.00053701	0.000614448	0.000788271	8.75867E-05	0.000115889	0.000124221	0.000112916	0.000128558	0.00011253	1.89803E-05	3.11738E-05	4.13446E-05	1.22505E-05	4.03723E-05	6.72308E-05	no-sig
d_Bacteria;p_Bacillota;c_Bacilli;o_Lactobacillales;f_Enterococcaceae;g_Enterococcus	0.000295395	0.00041461	0.000246221	0.00025328	0.000338909	0.000238139	7.99435E-05	8.91821E-05	6.85253E-05	6.96728E-05	8.67236E-05	0.000120013	0.000154414	7.4497E-05	6.68386E-05	7.22857E-05	8.80194E-05	8.00037E-05	0.003194504	0.000586863	0.006778278	0.000654379	0.002049494	0.000716396	no-sig
d_Bacteria;p_Bacillota;c_Bacilli;o_Lactobacillales;f_Enterococcaceae;g_Enterococcus_A	0.004486353	0.004489349	0.001359503	0.000651523	0.001323961	0.001047078	0.043342727	0.001116735	0.001301908	0.001228726	0.002818112	0.001623986	0.002229628	0.001656473	0.000831896	0.002949437	0.002048868	0.000521195	0.020163279	0.006403096	0.019272258	0.004782642	0.012577766	0.002231319	Bger
d_Bacteria;p_Bacillota;c_Bacilli;o_Lactobacillales;f_Enterococcaceae;g_Enterococcus_B	0.002265585	0.003137284	0.001263371	0.001331742	0.001793201	0.001151769	0.001090235	0.007427226	0.000280835	0.000199	0.000238327	0.000235741	0.000295311	0.000319094	0.000142718	0.000641002	0.000239408	0.000229512	0.00012887	6.79284E-05	0.000195604	5.17462E-05	9.63831E-05	2.26395E-05	no-sig
d_Bacteria;p_Bacillota;c_Bacilli;o_Lactobacillales;f_Enterococcaceae;g_Enterococcus_C	0.004697679	0.003710903	0.003073397	0.0008412	0.002801774	0.001757234	0.004112796	0.0008127	0.000551729	0.000451764	0.000775235	0.000701423	0.032977304	0.021310919	0.011675968	0.044363193	0.021957025	0.021765902	5.87463E-05	1.91118E-05	4.78956E-05	1.15351E-05	4.217E-05	1.61685E-05	Esin
d_Bacteria;p_Bacillota;c_Bacilli;o_Lactobacillales;f_Enterococcaceae;g_Enterococcus_H	7.70194E-05	7.2716E-05	7.03627E-05	6.62336E-05	6.85266E-05	6.23179E-05	0.000133511	8.32192E-05	6.61885E-05	5.68449E-05	7.53543E-05	7.04033E-05	0.008297907	0.004375125	0.002295482	0.003750223	0.008451049	0.006731512	2.24504E-06	1.50578E-06	3.35091E-06	8.67337E-07	1.91959E-06	7.49359E-07	Esin
d_Bacteria;p_Bacillota;c_Bacilli;o_Lactobacillales;f_Lactobacillaceae;g_Amylolactobacillus	0.002422535	0.006063673	0.000878403	0.000471817	0.000757751	0.000566629	0	0	0	0	0	0	0.000162519	0.000382664	0.00102364	0.000211996	0.002622664	0.000214609	9.49601E-07	1.73743E-07	3.40675E-07	5.04721E-07	2.20905E-07	8.28703E-07	no-sig
d_Bacteria;p_Bacillota;c_Bacilli;o_Lactobacillales;f_Lactobacillaceae;g_Lacticaseibacillus	0.000111178	0.00030109	0.000224179	4.77423E-05	7.99753E-05	3.74305E-05	9.19511E-05	7.12084E-05	0.000220583	8.18162E-05	0.000232881	0.00024536	0.01362965	0.002058624	0.012789499	0.004245832	0.006924763	0.008480836	7.47488E-05	0.000108853	4.89456E-05	4.08481E-05	0.000570689	3.18081E-05	Esin
d_Bacteria;p_Bacillota;c_Bacilli;o_Lactobacillales;f_Lactobacillaceae;g_Lapidilactobacillus	0.00928983	0.061708613	0.002142451	0.000523617	0.001516541	0.001169894	0.004080794	0.001641726	0.025431423	0.002739593	0.026140948	0.020792339	0.000622353	0.000475215	0.000553317	0.000297223	0.000324939	0.000241153	3.1372E-05	2.14547E-05	3.82618E-05	3.01755E-05	2.03232E-05	1.10641E-05	Peri
d_Bacteria;p_Bacillota;c_Bacilli;o_Lactobacillales;f_Lactobacillaceae;g_Lentilactobacillus	0.006202546	0.033908308	0.004595454	0.000830313	0.002426414	0.001434355	0.010918175	0.000903877	0.023269305	0.004536797	0.023298547	0.029903037	0.00026265	5.0733E-05	0.000217976	9.38219E-05	0.000150954	4.19752E-05	7.48016E-05	5.04698E-05	0.000103387	7.91433E-05	8.175E-05	3.41972E-05	Peri
d_Bacteria;p_Bacillota;c_Bacilli;o_Lactobacillales;f_Lactobacillaceae;g_Loigolactobacillus	9.49386E-05	0.000652543	9.34711E-05	4.48946E-05	7.4154E-05	4.06311E-05	6.44256E-06	3.04155E-06	1.97433E-05	8.15024E-06	1.82343E-05	1.12664E-05	0.008246594	0.00528579	0.008237081	0.022428095	0.007762007	0.004817555	2.11022E-07	2.21128E-07	3.63015E-07	9.80042E-08	3.8087E-07	5.2896E-08	Esin
d_Bacteria;p_Bacillota;c_Bacilli;o_Lactobacillales;f_Lactobacillaceae;g_Paucilactobacillus	1.48096E-05	0.000115771	0.000235042	5.4174E-06	1.37815E-05	7.16062E-06	5.61938E-06	2.92129E-06	5.85259E-06	2.83797E-06	1.13411E-05	2.08163E-05	0.004016831	0.002900744	0.004264412	0.004579492	0.002722187	0.001885119	0	0	0	0	0	0	no-sig
d_Bacteria;p_Bacillota;c_Bacilli;o_Lactobacillales;f_Lactobacillaceae;g_Pediococcus	0.007149519	0.021337216	0.00351381	0.000300159	0.001257864	0.000687191	0.002509878	0.000854325	0.007330118	0.003911602	0.009690536	0.009888682	0.022249609	0.005894305	0.015065424	0.008634331	0.001711604	0.005934921	3.69758E-05	2.78095E-05	4.53713E-05	2.03163E-05	3.65102E-05	1.06674E-05	Esin
d_Bacteria;p_Bacillota;c_Bacilli;o_Lactobacillales;f_Lactobacillaceae;g_Secundilactobacillus	4.2136E-05	0.000292819	2.59272E-05	4.26029E-06	2.15132E-05	1.16872E-05	9.07537E-06	2.84112E-06	1.40368E-05	8.12885E-06	6.72831E-06	4.93623E-06	0.018215048	0.007068838	0.016435804	0.005605555	0.006089256	0.007116105	1.17235E-07	9.47691E-08	3.79769E-07	1.07805E-07	1.752E-07	8.81599E-08	Esin
d_Bacteria;p_Bacillota;c_Bacilli;o_Lactobacillales;f_Lactobacillaceae;g_Weissella	0.000745285	0.002064307	0.001758475	0.000256594	0.000480897	0.000369941	0.002759967	0.000428182	0.000547963	0.000736267	0.001543592	0.000495081	1.20254E-05	8.54408E-06	9.78425E-06	7.84162E-06	5.61089E-06	1.15006E-05	0.003701046	0.053139698	0.006967096	0.000650973	0.012184061	0.000270131	Bger
d_Bacteria;p_Bacillota;c_Bacilli;o_Lactobacillales;f_Streptococcaceae;g_Lactococcus	0.003111395	0.003292214	0.000490893	0.000271141	0.000815674	0.000295448	0.000127144	0.000159007	0.000208059	0.000140586	0.000151071	0.00016793	1.20181E-05	1.50347E-05	8.56049E-06	4.50327E-05	2.17334E-05	1.25829E-05	0.02516373	0.000442387	0.009319929	0.00207881	0.001244342	9.60679E-05	Bger
d_Bacteria;p_Bacillota_A;c_Clostridia;o_Christensenellales;f_Aristaeellaceae;g_Avichristensenella	0.028709843	0.023830397	0.030215861	0.044290613	0.043774387	0.038342591	0.015622687	0.018778865	0.010680076	0.018224232	0.023336594	0.022759701	0.006492329	0.007950191	0.005163556	0.004090733	0.008020431	0.012808403	0.002758034	0.007920986	0.00603249	0.000923429	0.006902416	0.003592491	Peri
d_Bacteria;p_Bacillota_A;c_Clostridia;o_Christensenellales;f_Aristaeellaceae;g_Excrementavichristensenella	0.000601728	0.000847192	0.000784977	0.0007454	0.000782165	0.000855809	0.001128394	0.001007515	0.000682656	0.000739447	0.001072817	0.000728454	0.000530172	0.000415503	0.000382066	0.00039747	0.000735156	0.000871259	6.62376E-07	1.51104E-06	2.87061E-06	4.55719E-07	2.56707E-06	1.66622E-06	no-sig
d_Bacteria;p_Bacillota_A;c_Clostridia;o_Christensenellales;f_Aristaeellaceae;g_Faecivicinus	0.000218606	0.000183654	0.000198251	0.000226847	0.000264222	0.000244829	0.000149261	0.000156502	9.26033E-05	0.00025126	0.000226214	0.000137448	0.008665918	0.00400053	0.00399742	0.004528085	0.004039056	0.014849255	2.84294E-06	4.04875E-06	4.07693E-06	8.47736E-07	2.78797E-06	1.77201E-06	Esin
d_Bacteria;p_Bacillota_A;c_Clostridia;o_Christensenellales;f_Aristaeellaceae;g_JAEWAH01	0.000999139	0.001008566	0.00124121	0.001398697	0.001361733	0.001312871	0.000934627	0.000977325	0.000441281	0.001575578	0.000901452	0.001212344	0.001947132	0.00194284	0.001452543	0.001258031	0.002137521	0.003370898	0.000254804	0.000457303	0.000503976	6.87254E-05	0.000373306	0.000214828	no-sig
d_Bacteria;p_Bacillota_A;c_Clostridia;o_Christensenellales;f_Aristaeellaceae;g_JAEZHK01	0.00062857	0.000461508	0.000462992	0.000374988	0.000505283	0.000441198	0.000576749	0.000950567	0.000324052	0.000413687	0.000754117	0.000732463	0.001762311	0.001889273	0.002991288	0.001819999	0.000794417	0.001489914	4.02467E-05	6.41482E-05	8.15834E-05	1.41616E-05	5.53709E-05	5.50382E-05	no-sig
d_Bacteria;p_Bacillota_A;c_Clostridia;o_Christensenellales;f_Aristaeellaceae;g_JAJDGF01	0.000343062	0.000221114	0.00031566	0.000346811	0.000365911	0.000327797	0.000901353	0.001187498	0.000682666	0.001167923	0.0015826	0.001443149	0.000772049	0.000940131	0.000689523	0.000522771	0.000757171	0.001049239	1.87751E-05	3.23163E-05	3.08898E-05	7.49732E-06	2.70951E-05	1.82138E-05	no-sig
d_Bacteria;p_Bacillota_A;c_Clostridia;o_Christensenellales;f_Aristaeellaceae;g_Limiplasma	0.003965565	0.003829963	0.004417447	0.004521059	0.005238066	0.004705656	0.007774226	0.009202435	0.017832138	0.007630195	0.010829854	0.018901945	0.034300482	0.019546876	0.016936341	0.022400904	0.024465763	0.026155818	0.000326956	0.000570757	0.000326077	0.000139092	0.000640822	0.000418231	Esin
d_Bacteria;p_Bacillota_A;c_Clostridia;o_Christensenellales;f_Aristaeellaceae;g_Onthenecus	0.003101162	0.001508033	0.002978995	0.001038428	0.002388164	0.001318278	0.000334632	0.000328442	0.000302577	0.000275939	0.001200749	0.000593339	9.40237E-05	8.4104E-05	7.92109E-05	6.55093E-05	8.94045E-05	0.000127869	0.000334201	0.00079317	0.000361295	4.76594E-05	0.000935768	0.000205836	no-sig
d_Bacteria;p_Bacillota_A;c_Clostridia;o_Christensenellales;f_Aristaeellaceae;g_UBA1038	0.007339922	0.003784953	0.002563488	0.001966645	0.002115145	0.001506974	9.21484E-05	0.000116832	5.91779E-05	9.55782E-05	0.000142538	0.000117404	1.84405E-05	1.02593E-05	8.96451E-06	1.33092E-05	9.33779E-06	1.13876E-05	0.000110763	0.000193634	0.00033895	3.34145E-05	0.000168528	0.000128934	no-sig
d_Bacteria;p_Bacillota_A;c_Clostridia;o_Christensenellales;f_Aristaeellaceae;g_UBA2862	0.000137259	0.000123052	0.000135595	0.000124089	0.000142161	0.000127396	3.6492E-05	0.000173348	1.99937E-05	3.42481E-05	3.52859E-05	6.92052E-05	0.002314954	0.002440209	0.002357817	0.002001971	0.001891376	0.003105656	1.32358E-05	1.97067E-05	3.48047E-05	4.06717E-06	1.75429E-05	3.4973E-05	no-sig
d_Bacteria;p_Bacillota_A;c_Clostridia;o_Christensenellales;f_Aristaeellaceae;g_Ventricola	0.000440437	0.000278676	0.000361989	0.000282967	0.00036897	0.000313934	8.96924E-05	0.000107431	7.04658E-05	7.6782E-05	0.000190607	0.000185895	0.003777134	0.004313416	0.006761041	0.004144163	0.001814279	0.003243169	9.20175E-05	0.000138668	0.000125899	1.97919E-05	0.000124453	4.71215E-05	no-sig
d_Bacteria;p_Bacillota_A;c_Clostridia;o_Christensenellales;f_Aristaeellaceae;g_unclassify_f_Aristaeellaceae	0.006411865	0.004967574	0.005948412	0.006916168	0.007679397	0.006701523	0.003343315	0.003667534	0.002244769	0.00516505	0.004203937	0.004178456	0.006063963	0.005626322	0.005515449	0.004592433	0.005130968	0.008231171	0.001400608	0.002747678	0.002094472	0.000290734	0.002819675	0.001199945	no-sig
d_Bacteria;p_Bacillota_A;c_Clostridia;o_Christensenellales;f_CAG_138;g_JAISXK01	0.000885321	0.000882387	0.00114324	0.000969152	0.001178373	0.001233676	0.001767412	0.002267744	0.000987632	0.000686795	0.000601892	0.000993203	0.000146229	0.000132848	0.00020294	0.000131942	0.000174795	0.000182212	5.18763E-06	3.42222E-06	3.52404E-06	2.02869E-06	4.08293E-06	3.01507E-06	no-sig
d_Bacteria;p_Bacillota_A;c_Clostridia;o_Christensenellales;f_CAG_138;g_JAJDHH01	0.002344007	0.00236382	0.003311556	0.003462322	0.003293171	0.002935023	0.002145244	0.001819499	0.000636576	0.001075062	0.000686212	0.001010494	0.004066973	0.00664467	0.004610309	0.00460717	0.01140651	0.015506379	1.57446E-05	1.43523E-05	1.60117E-05	8.35485E-06	1.74667E-05	1.61156E-05	Esin
d_Bacteria;p_Bacillota_A;c_Clostridia;o_Christensenellales;f_CAG_138;g_JAQUTY01	1.08512E-05	1.53966E-05	1.25605E-05	1.18116E-05	1.35392E-05	1.41404E-05	4.15671E-06	3.89339E-06	1.82567E-06	1.52594E-06	4.3866E-06	5.35095E-06	0.002602241	0.004885435	0.001365175	0.002835229	0.000950794	0.000893367	4.51353E-07	5.2123E-07	6.9252E-07	1.61707E-07	3.88488E-07	2.43321E-06	no-sig
d_Bacteria;p_Bacillota_A;c_Clostridia;o_Christensenellales;f_Christensenellaceae;g_QANA01	0.000919365	0.001133425	0.001617942	0.001015489	0.001179141	0.001447115	0.000472089	0.001101743	0.000284424	0.000556791	0.000670904	0.001243994	0.000443807	0.000219964	0.000250391	0.000187332	0.000279107	0.000296981	0.000131485	0.000274257	0.00031422	4.25093E-05	0.000302929	8.42015E-05	no-sig
d_Bacteria;p_Bacillota_A;c_Clostridia;o_Christensenellales;f_Christensenellaceae;g_UBA5399	0.00093567	0.000996554	0.001075358	0.001182444	0.001599721	0.001733889	0.000892958	0.000991125	0.000809394	0.000812971	0.001111439	0.001289014	0.000146968	0.000169021	0.000210318	0.000141098	0.000130723	0.000165903	1.63425E-05	1.88011E-05	2.15631E-05	6.38497E-06	2.7377E-05	3.9575E-05	no-sig
d_Bacteria;p_Bacillota_A;c_Clostridia;o_Christensenellales;f_DTU072;g_CAG_1782	0.000338712	0.000779417	0.000369662	0.000362109	0.00040929	0.000328243	8.88556E-05	0.000109481	0.000110923	0.000100484	9.90683E-05	0.00011487	0.002532685	0.001629955	0.002021569	0.002065299	0.001236591	0.001883498	0.000171133	0.000145987	0.000159408	5.28438E-05	0.000141478	0.00017833	no-sig
d_Bacteria;p_Bacillota_A;c_Clostridia;o_Christensenellales;f_Pumilibacteraceae;g_Protoclostridium	0.000855319	0.0012592	0.001045366	0.000520446	0.00060927	0.000606272	0.000614343	0.000708952	0.000788492	0.000693555	0.00066369	0.002449455	0.001129513	0.001268252	0.00129374	0.001198516	0.000822054	0.001049514	2.05747E-06	3.12738E-06	2.20601E-06	1.69547E-06	3.4126E-06	7.93439E-07	no-sig
d_Bacteria;p_Bacillota_A;c_Clostridia;o_Christensenellales;f_QAND01;g_UMGS1975	0.002287199	0.002304114	0.002946185	0.003304706	0.004613927	0.00463936	0.000487464	0.000596394	0.000673407	0.000394185	0.000697115	0.000861358	8.22177E-06	1.22726E-05	6.62238E-06	5.13332E-06	1.45378E-05	2.12837E-05	7.00477E-06	6.38112E-06	1.53974E-05	2.69511E-06	1.35285E-05	9.8122E-06	no-sig
d_Bacteria;p_Bacillota_A;c_Clostridia;o_Christensenellales;f_unclassify_o_Christensenellales;g_unclassify_o_Christensenellales	0.002031214	0.001599995	0.001877389	0.001839723	0.00220688	0.001990159	0.001128877	0.001218519	0.000743951	0.001946603	0.000845473	0.000964679	0.000445687	0.000496853	0.000536682	0.000408495	0.000529326	0.000739977	0.00011125	0.000156232	0.000273596	3.53844E-05	0.00015557	0.000124341	no-sig
d_Bacteria;p_Bacillota_A;c_Clostridia;o_Clostridiales;f_Clostridiaceae;g_WQUF01	0.000249591	0.000256235	0.000194559	0.00018039	0.000192698	0.00018124	0.006864192	0.013942844	0.003001594	0.006760272	0.006050157	0.014008427	9.39944E-06	1.28363E-05	1.44451E-05	1.12978E-05	8.67458E-06	8.04937E-06	1.9033E-05	1.61634E-05	1.17784E-05	2.64072E-05	1.1548E-05	2.96041E-05	no-sig
d_Bacteria;p_Bacillota_A;c_Clostridia;o_Lachnospirales;f_Anaerotignaceae;g_Anaerotignum	0.001655875	0.00085398	0.000614677	0.000389174	0.000527592	0.00034107	0.002214669	0.002190708	0.003050767	0.001661109	0.00139686	0.002419503	6.16998E-05	4.42102E-05	5.19309E-05	3.95594E-05	4.49341E-05	5.71909E-05	0.000244616	0.000254982	0.000220741	0.000175163	0.000387444	0.000273869	no-sig
d_Bacteria;p_Bacillota_A;c_Clostridia;o_Lachnospirales;f_Lachnospiraceae;g_Acetatifactor	0.002285077	0.001431704	0.001099819	0.000887154	0.000817411	0.000712265	0.00138215	0.001773394	0.007648087	0.006541599	0.001604815	0.00156743	0.002833284	0.00214061	0.002756425	0.001947981	0.002505264	0.00120831	0.000346681	0.000508147	0.000556747	0.000793211	0.000969795	0.000344838	no-sig
d_Bacteria;p_Bacillota_A;c_Clostridia;o_Lachnospirales;f_Lachnospiraceae;g_Aequitasia	0.004048306	0.007292289	0.004818218	0.002658006	0.005482249	0.003690312	0.007827099	0.008616468	0.006575979	0.004038648	0.009094468	0.008073582	0.004111608	0.003960403	0.003050116	0.002318056	0.002852118	0.002978336	0.001364207	0.001609522	0.002253087	0.001401151	0.001952692	0.001581713	no-sig
d_Bacteria;p_Bacillota_A;c_Clostridia;o_Lachnospirales;f_Lachnospiraceae;g_Anaerocolumna	0.000309683	0.000151405	0.000141227	0.000142393	0.000142618	0.000117361	0.000885495	0.000763058	0.001810666	0.001497748	0.001359732	0.001351549	0.000290746	0.000243776	0.000274351	0.000523173	0.000215022	0.000257591	0.001228021	0.00021074	0.000319269	0.004821021	0.000255914	0.005513187	no-sig
d_Bacteria;p_Bacillota_A;c_Clostridia;o_Lachnospirales;f_Lachnospiraceae;g_Anaeromicropila	3.58476E-06	2.3459E-06	1.11624E-06	1.41258E-06	1.05905E-06	8.01652E-07	5.33365E-06	5.86263E-06	5.93604E-06	8.28572E-06	2.51605E-06	5.92694E-06	0	0	0	0	0	0	0.001604298	7.32881E-05	0.000223846	0.007579441	0.000196232	0.008968704	no-sig
d_Bacteria;p_Bacillota_A;c_Clostridia;o_Lachnospirales;f_Lachnospiraceae;g_Brotaphodocola	0.001669716	0.001726842	0.000828139	0.000645234	0.000733276	0.000482878	0.009678169	0.005850561	0.021846814	0.007528534	0.013878788	0.010131755	0.000338468	0.000620618	0.000255948	0.000596167	0.000301521	0.000258947	0.006669814	0.004605157	0.004734349	0.003152294	0.004815619	0.006052691	Peri
d_Bacteria;p_Bacillota_A;c_Clostridia;o_Lachnospirales;f_Lachnospiraceae;g_Eisenbergiella	0.001906269	0.001153985	0.001044532	0.001071414	0.000845098	0.000597074	0.000247246	0.000448947	0.000455782	0.000695929	0.000905349	0.000247249	5.69014E-05	7.03739E-05	9.67534E-05	6.65972E-05	6.01586E-05	4.95938E-05	0.000291211	0.001051974	0.000733133	0.00018244	0.002619581	0.00015294	no-sig
d_Bacteria;p_Bacillota_A;c_Clostridia;o_Lachnospirales;f_Lachnospiraceae;g_Enterocloster	0.000466241	0.000351729	0.000280752	0.000233534	0.000326436	0.000211986	0.000211557	0.000217333	0.000423593	0.001298106	0.000292097	0.000264224	0.000270433	0.000335716	0.000244431	0.000335082	0.000242771	0.000248599	0.00218172	0.002428248	0.003097812	0.002108231	0.001840945	0.003276261	no-sig
d_Bacteria;p_Bacillota_A;c_Clostridia;o_Lachnospirales;f_Lachnospiraceae;g_Hominisplanchenecus_A	0.00106838	0.000813082	0.000671729	0.000449081	0.000513548	0.000340702	0.000406528	0.000972479	0.001115622	0.000957037	0.001495085	0.000885199	1.18426E-05	1.42133E-05	1.42519E-05	1.82159E-05	8.80957E-06	9.93384E-06	0.002389354	0.001208206	0.001390575	0.000544046	0.001427335	0.000979069	no-sig
d_Bacteria;p_Bacillota_A;c_Clostridia;o_Lachnospirales;f_Lachnospiraceae;g_Kineothrix	0.000176821	0.000117949	9.06749E-05	7.8248E-05	9.17702E-05	6.48675E-05	0.000247729	0.000345464	0.001109868	0.000575223	0.000770811	0.000387198	0.00204635	0.005919148	0.003471313	0.003746574	0.001241404	0.001154166	0.000140453	0.000141059	0.000202998	0.000180627	0.000266404	0.000292823	no-sig
d_Bacteria;p_Bacillota_A;c_Clostridia;o_Lachnospirales;f_Lachnospiraceae;g_Lachnoclostridium	0.000515459	0.000196179	0.000377944	0.001239729	0.00031145	0.00017112	0.000201862	0.00084526	0.008342182	0.00025511	0.000198155	0.000163074	0.000573578	0.000562838	0.00133991	0.001237855	0.000311628	0.00117341	0.000410257	4.78847E-05	8.03715E-05	0.001900889	7.21826E-05	0.002239298	no-sig
d_Bacteria;p_Bacillota_A;c_Clostridia;o_Lachnospirales;f_Lachnospiraceae;g_Lacrimispora	0.001606583	0.001073591	0.000880478	0.000691309	0.000713971	0.000531224	0.004858854	0.003401746	0.008665237	0.004595317	0.009352556	0.00543238	0.000361224	0.00041047	0.000294365	0.0004056	0.000247777	0.000200663	0.009888399	0.006885976	0.008677918	0.004421213	0.010450018	0.008823046	Bger
d_Bacteria;p_Bacillota_A;c_Clostridia;o_Lachnospirales;f_Lachnospiraceae;g_Limivivens	7.12801E-06	6.3838E-06	5.80107E-06	8.10732E-06	7.23336E-06	7.69104E-06	0.00091249	0.001115187	0.001210489	0.000978778	0.006207838	0.003398807	0.000428307	0.000291844	0.000630753	0.000242762	0.000458644	0.000738727	1.41795E-05	1.90433E-05	2.12671E-05	5.72344E-06	2.42386E-05	6.74423E-06	no-sig
d_Bacteria;p_Bacillota_A;c_Clostridia;o_Lachnospirales;f_Lachnospiraceae;g_Mobilisporobacter	4.46965E-05	4.07903E-05	3.42652E-05	3.48637E-05	3.36403E-05	3.04809E-05	3.49136E-05	3.32666E-05	3.91268E-05	3.4569E-05	1.20478E-05	2.56834E-05	3.15997E-06	3.54326E-06	2.1612E-05	4.39108E-06	2.32418E-06	3.02592E-06	0.003935533	0.000200526	0.000589938	0.021126477	0.000532944	0.024689956	Bger
d_Bacteria;p_Bacillota_A;c_Clostridia;o_Lachnospirales;f_Lachnospiraceae;g_Mobilitalea	0.0010344	0.000446954	0.000525085	0.000404284	0.000435836	0.000469099	0.000472293	0.000584965	0.000922956	0.000554801	0.000926457	0.000572632	0.00038142	0.000415447	0.00067345	0.000478203	0.000719955	0.000440955	0.003927866	0.030412297	0.030305963	0.012645457	0.008827129	0.016426223	Bger
d_Bacteria;p_Bacillota_A;c_Clostridia;o_Lachnospirales;f_Lachnospiraceae;g_NC2004	0.005307457	0.002777546	0.002031052	0.00234019	0.004155755	0.002304256	3.87778E-07	1.42306E-06	3.18189E-07	3.49398E-07	7.53872E-07	6.39349E-07	0	0	0	0	0	0	7.79611E-07	8.42392E-07	7.20445E-07	3.72416E-07	8.07445E-07	1.41056E-06	no-sig
d_Bacteria;p_Bacillota_A;c_Clostridia;o_Lachnospirales;f_Lachnospiraceae;g_Petralouisia	0.000441678	0.000167657	0.000252118	0.000157398	0.000125895	0.000118572	0.000227687	0.000155901	0.000386724	0.001550464	0.000195686	0.000166116	3.15046E-05	3.01579E-05	2.98095E-05	6.84952E-05	2.90581E-05	1.85001E-05	0.001247137	0.008054932	0.005159154	0.000669383	0.00180979	0.001178945	no-sig
d_Bacteria;p_Bacillota_A;c_Clostridia;o_Lachnospirales;f_Lachnospiraceae;g_Robinsoniella	9.77067E-05	5.7016E-05	4.74008E-05	3.59833E-05	4.2265E-05	3.39527E-05	0.006716067	0.001862331	0.003377959	0.00162413	0.00219588	0.005412186	8.06084E-06	2.14689E-05	7.43627E-06	9.41108E-06	5.86913E-06	5.84185E-06	0.00034872	0.00063389	0.000874017	0.000261181	0.00048174	0.000227241	no-sig
d_Bacteria;p_Bacillota_A;c_Clostridia;o_Lachnospirales;f_Lachnospiraceae;g_Roseburia	0.004513241	0.004214036	0.000834926	0.00067154	0.000608627	0.000540422	0.002245569	0.00447584	0.002218949	0.00107134	0.00089937	0.000718985	0.000607123	0.000358851	0.000416314	0.000474486	0.002474527	0.000764889	4.70404E-05	3.66493E-05	5.11236E-05	7.52574E-05	8.43171E-05	0.000121811	no-sig
d_Bacteria;p_Bacillota_A;c_Clostridia;o_Lachnospirales;f_Lachnospiraceae;g_Scybalomonas	2.00461E-05	2.84608E-05	2.4484E-05	3.02728E-05	2.98817E-05	4.75868E-05	7.32016E-06	8.16258E-06	6.51504E-06	1.33627E-05	1.0606E-05	1.31959E-05	2.18711E-06	5.54842E-06	5.04144E-06	4.55539E-06	2.95217E-06	1.58295E-06	0.003938329	0.000336283	0.000703081	0.01634997	0.000614237	0.019924629	Bger
d_Bacteria;p_Bacillota_A;c_Clostridia;o_Lachnospirales;f_Lachnospiraceae;g_Sporofaciens	2.49596E-05	2.0749E-05	1.66252E-05	1.60193E-05	2.05372E-05	1.76665E-05	1.44362E-05	2.64369E-05	1.01038E-05	1.39117E-05	2.45291E-05	2.96347E-05	0.00130996	0.001281185	0.002513528	0.007420993	0.0006034	0.000381982	6.85237E-06	9.09257E-06	1.56655E-05	4.6013E-06	3.1437E-05	4.15233E-06	no-sig
d_Bacteria;p_Bacillota_A;c_Clostridia;o_Lachnospirales;f_Lachnospiraceae;g_Suilimivivens	0.000741672	0.000800179	0.000393678	0.000395035	0.0003262	0.000247729	0.000518806	0.001459584	0.001830404	0.002990818	0.002123706	0.000710979	0.004931466	0.007334606	0.009370556	0.007494463	0.005263956	0.006258748	0.000300865	0.000438176	0.00040952	0.00024309	0.0008942	0.000596199	Esin
d_Bacteria;p_Bacillota_A;c_Clostridia;o_Lachnospirales;f_Lachnospiraceae;g_UBA933	0.00032315	0.000324394	0.000134473	9.19606E-05	7.19667E-05	4.93528E-05	1.38376E-05	1.78985E-05	3.63361E-05	1.94165E-05	1.36687E-05	1.71472E-05	0.005637309	0.00894645	0.002696735	0.008591905	0.002282459	0.001371612	8.03644E-06	1.95277E-05	1.43028E-05	3.78786E-06	2.3873E-05	3.85259E-06	no-sig
d_Bacteria;p_Bacillota_A;c_Clostridia;o_Lachnospirales;f_Lachnospiraceae;g_unclassify_f_Lachnospiraceae	0.005190724	0.003736822	0.002863915	0.002156788	0.002064421	0.001530981	0.006696508	0.006060142	0.017499136	0.008715639	0.010814197	0.008277822	0.002450372	0.003983611	0.003480951	0.003435113	0.002273656	0.001840613	0.023413551	0.020122893	0.020669691	0.062737622	0.021558051	0.078661483	Bger
d_Bacteria;p_Bacillota_A;c_Clostridia;o_Lachnospirales;f_UBA5962;g_WRBA01	0.001297957	0.002130551	0.000405658	0.000458466	0.00076333	0.00041845	0.000724329	0.000589434	0.000724229	0.000662715	0.000948065	0.001030688	0.000405866	0.000278911	0.000381621	0.000227849	0.000149117	0.000191833	0.000687089	0.000291283	0.000526276	0.0003737	0.000328531	0.001604008	no-sig
d_Bacteria;p_Bacillota_A;c_Clostridia;o_Oscillospirales;f_Acutalibacteraceae;g_Acutalibacter	0.002947326	0.001977448	0.001863661	0.002366361	0.001899909	0.001661807	0.006806542	0.011409658	0.005821617	0.006732206	0.00677893	0.016594524	0.000368546	0.000485346	0.000240039	0.000335127	0.000586908	0.000439049	0.00123767	0.003370247	0.002704672	0.001272128	0.004356137	0.00147228	no-sig
d_Bacteria;p_Bacillota_A;c_Clostridia;o_Oscillospirales;f_Acutalibacteraceae;g_CAG_177	0.001463386	0.001614407	0.005144696	0.00300315	0.003693934	0.006221237	0.00121578	0.000564315	0.000454775	0.000352485	0.000884896	0.00061048	0.000701659	0.000950841	0.001272035	0.001199933	0.000385878	0.000543755	9.1443E-06	6.0389E-06	1.313E-05	5.47843E-06	1.01464E-05	9.24798E-06	no-sig
d_Bacteria;p_Bacillota_A;c_Clostridia;o_Oscillospirales;f_Acutalibacteraceae;g_Scatolibacter	0.003436474	0.003170012	0.003096607	0.001652376	0.00209323	0.000787048	8.00456E-05	0.000182954	0.000107334	8.10817E-05	9.87196E-05	0.000230212	0.000110804	0.000135755	9.07986E-05	0.000180046	0.000144856	0.00012494	0.000179662	0.000182941	0.000431278	0.000129807	0.000795021	8.84861E-05	no-sig
d_Bacteria;p_Bacillota_A;c_Clostridia;o_Oscillospirales;f_Acutalibacteraceae;g_UBA1081	0.001537342	0.000526856	0.00114324	0.004671612	0.000909638	0.000443223	0.001092555	0.000995965	0.000406687	0.000365442	0.000464475	0.001045422	0.00027834	0.000336762	0.000426227	0.000314634	0.000208882	0.000285265	2.60261E-06	3.75391E-06	3.65249E-06	3.11163E-06	4.02199E-06	2.52137E-06	no-sig
d_Bacteria;p_Bacillota_A;c_Clostridia;o_Oscillospirales;f_Acutalibacteraceae;g_WRMQ01	0.002877744	0.002800459	0.004775316	0.008334257	0.007982346	0.00756163	0.000690014	0.000859246	0.000627239	0.000555728	0.000722054	0.000758982	0.000200577	0.000189605	0.000210891	0.000151274	0.000181732	0.000197842	3.73744E-05	4.13035E-05	5.2894E-05	1.43086E-05	7.62655E-05	5.54879E-05	no-sig
d_Bacteria;p_Bacillota_A;c_Clostridia;o_Oscillospirales;f_Acutalibacteraceae;g_unclassify_f_Acutalibacteraceae	0.001080278	0.000543547	0.000942452	0.002832686	0.000882082	0.001151112	0.0004271	0.00051755	0.000305649	0.000311606	0.000546953	0.000644285	0.001240865	0.000830419	0.000922846	0.000830164	0.00075669	0.000804183	0.000149234	0.000241414	0.000375776	9.43682E-05	0.000595895	8.86095E-05	no-sig
d_Bacteria;p_Bacillota_A;c_Clostridia;o_Oscillospirales;f_Oscillospiraceae;g_Evtepia	0.000991923	0.001081956	0.000980201	0.000722235	0.000856616	0.000846979	0.001802169	0.002106637	0.001912679	0.001442479	0.001689471	0.002070154	0.001095785	0.001023542	0.001143698	0.001010895	0.000841863	0.00090869	0.00034661	0.00049103	0.000540831	0.000144267	0.000546983	0.000317129	no-sig
d_Bacteria;p_Bacillota_A;c_Clostridia;o_Oscillospirales;f_Oscillospiraceae;g_Faecousia	0.000426633	0.000425295	0.000458212	0.000423016	0.000460796	0.000509905	0.000161023	0.00022768	0.000115753	0.000107365	9.33671E-05	0.000141538	0.001634032	0.001429157	0.001119691	0.001043446	0.001882008	0.002267332	9.42332E-05	7.83003E-05	9.28201E-05	0.000119237	7.97847E-05	0.000211408	no-sig
d_Bacteria;p_Bacillota_A;c_Clostridia;o_Oscillospirales;f_Oscillospiraceae;g_JAIRRO01	0.001103549	0.001654207	0.001074411	0.000776199	0.000917834	0.000875326	0.000771121	0.000659135	0.000205216	0.00144225	0.000504901	0.000516122	0.000309523	0.000274208	0.00039065	0.000203695	0.000417612	0.000708452	3.15713E-05	3.93608E-05	5.09729E-05	1.92627E-05	3.73939E-05	5.86616E-05	no-sig
d_Bacteria;p_Bacillota_A;c_Clostridia;o_Oscillospirales;f_Oscillospiraceae;g_Lawsonibacter	0.001983376	0.002189933	0.00158119	0.001024024	0.001461332	0.00111027	0.003238397	0.002504424	0.00365653	0.002610045	0.003205475	0.003035179	0.007551547	0.009166841	0.009391377	0.010748828	0.01184122	0.010165604	0.000333808	0.000278116	0.000430055	0.000143341	0.000649826	0.00032352	Esin
d_Bacteria;p_Bacillota_A;c_Clostridia;o_Oscillospirales;f_Oscillospiraceae;g_Limivicinus	0.00045801	0.000463361	0.000578021	0.000434204	0.000489882	0.000380206	0.000742765	0.000983458	0.000363069	0.001359372	0.000460498	0.000863973	0.000586408	0.001059965	0.000470446	0.000267493	0.001193301	0.000834017	6.2785E-05	3.4854E-05	6.66607E-05	2.3472E-05	8.56501E-05	0.000106356	no-sig
d_Bacteria;p_Bacillota_A;c_Clostridia;o_Oscillospirales;f_Oscillospiraceae;g_UBA2658	0.001965447	0.002381731	0.002006895	0.002461244	0.002619424	0.00272751	0.000807633	0.000863099	0.000476094	0.000467159	0.001164106	0.000600475	0.019037378	0.009616182	0.010367173	0.009122206	0.01415269	0.01160369	1.44785E-05	1.55211E-05	1.8994E-05	6.57118E-06	1.71011E-05	1.48197E-05	Esin
d_Bacteria;p_Bacillota_A;c_Clostridia;o_Oscillospirales;f_Oscillospiraceae;g_WRJA01	0.000134306	0.000191197	0.000204272	0.000140372	0.000164346	0.00018699	3.7322E-05	4.07728E-05	2.5283E-05	2.5285E-05	5.42317E-05	3.71168E-05	0.002099235	0.001705901	0.002273735	0.001884829	0.001714779	0.003529123	7.38578E-06	1.18672E-05	1.40961E-05	2.3276E-06	9.72743E-06	6.12712E-06	no-sig
d_Bacteria;p_Bacillota_A;c_Clostridia;o_Oscillospirales;f_Oscillospiraceae;g_unclassify_f_Oscillospiraceae	0.001655713	0.001932721	0.0019362	0.001281888	0.001605307	0.001406827	0.000875712	0.000811773	0.001009451	0.00121681	0.000800212	0.000926693	0.005379303	0.005023638	0.004661719	0.004979143	0.00752058	0.008012735	6.63783E-05	9.36793E-05	0.000113328	2.7005E-05	8.96798E-05	7.04927E-05	Esin
d_Bacteria;p_Bacillota_A;c_Clostridia;o_Oscillospirales;f_Ruminococcaceae;g_CALWZE01	0.000363874	0.000370308	0.000576471	0.001066207	0.000818629	0.001154795	0.001268858	0.003293027	0.000600698	0.00064332	0.001017007	0.001373782	3.69175E-05	4.5853E-05	4.34758E-05	4.70837E-05	7.12689E-05	7.94168E-05	4.56043E-06	3.13265E-06	2.87061E-06	5.97825E-07	3.8087E-06	2.23926E-06	no-sig
d_Bacteria;p_Bacillota_A;c_Clostridia;o_Oscillospirales;f_Ruminococcaceae;g_JAAYCI01	0.027918321	0.029195418	0.03493232	0.029925373	0.033923778	0.037408666	0.03136336	0.030658265	0.025396193	0.018840192	0.039595008	0.032201018	0.008691191	0.010971317	0.018027921	0.009910533	0.00906246	0.011114617	0.015861411	0.01713803	0.02042278	0.008064478	0.018981905	0.017406455	Peri
d_Bacteria;p_Bacillota_A;c_Clostridia;o_Oscillospirales;f_Ruminococcaceae;g_Massiliimalia	0.000424216	0.000440455	0.000235905	0.000230311	0.00026092	0.000207483	0.001462529	0.001157638	0.000472933	0.000566018	0.004161937	0.003187212	0.000178033	0.000195741	0.000214223	0.00022058	0.00015758	0.000143893	0.000126438	0.00012251	0.000125614	0.000349223	0.000213204	7.6752E-05	no-sig
d_Bacteria;p_Bacillota_A;c_Clostridia;o_Oscillospirales;f_Ruminococcaceae;g_Massilioclostridium	2.00968E-05	1.22148E-05	1.48494E-05	1.23451E-05	1.18364E-05	1.40319E-05	0.000927484	0.001607357	0.00302478	0.006209742	0.000369534	0.000604899	0.000191463	0.000209076	0.000194655	0.000217922	0.000233087	0.000333373	1.4713E-05	1.50683E-05	2.95997E-05	1.11186E-05	1.93177E-05	0.000103103	no-sig
d_Bacteria;p_Bacillota_A;c_Clostridia;o_Oscillospirales;f_Ruminococcaceae;g_Ruminiclostridium_E	0.007526509	0.002579885	0.001492455	0.002198474	0.001547842	0.000973127	0.000401827	0.007805526	0.001012685	0.006863509	0.000480047	0.000500501	0.003281816	0.005549594	0.006512418	0.005843631	0.00376873	0.004189478	0.000301868	0.002059685	0.00924426	0.000191863	0.000487552	0.000417887	no-sig
d_Bacteria;p_Bacillota_A;c_Clostridia;o_Oscillospirales;f_Ruminococcaceae;g_Ruminococcus	8.78429E-05	7.32014E-05	9.29694E-05	7.37849E-05	8.43223E-05	7.62956E-05	0.000199638	0.000477939	0.000296421	0.000443507	0.000126325	0.000140035	0.00573458	0.00480555	0.003121434	0.00436506	0.004291382	0.001993751	0.000115259	0.000181593	0.00040336	4.43616E-05	0.00029388	7.93439E-05	no-sig
d_Bacteria;p_Bacillota_A;c_Clostridia;o_Oscillospirales;f_Ruminococcaceae;g_Ruminococcus_C	5.52986E-05	4.1006E-05	6.29662E-05	4.41883E-05	4.70341E-05	8.93571E-05	0.000526807	0.001125068	0.001188795	0.001022488	0.000136248	0.000153265	0.00489291	0.003337893	0.005932143	0.005368482	0.003737488	0.006997362	8.38228E-07	2.05333E-07	3.85354E-07	7.35031E-07	3.13075E-06	3.87904E-07	no-sig
d_Bacteria;p_Bacillota_A;c_Clostridia;o_Oscillospirales;f_Ruminococcaceae;g_UBA1404	0.001519123	0.00183598	0.001027072	0.001085862	0.001513475	0.001333793	0.000357089	0.000346191	0.001517525	0.000317645	0.000456446	0.000439763	0.000328819	0.000658265	0.000285763	0.000380647	0.000668594	0.000414254	0.000272131	0.000222581	0.000285179	8.97718E-05	0.000283573	0.0002411	no-sig
d_Bacteria;p_Bacillota_A;c_Clostridia;o_Oscillospirales;f_Ruminococcaceae;g_WRAV01	0.016384811	0.017145061	0.016434251	0.016477095	0.020951937	0.01691227	0.007032794	0.008627842	0.00701726	0.006680916	0.010378803	0.010490171	0.003327519	0.00397791	0.005258675	0.004328826	0.003283106	0.004292505	0.01285137	0.012488826	0.013657481	0.008421615	0.013231492	0.025897526	Bger
d_Bacteria;p_Bacillota_A;c_Clostridia;o_Oscillospirales;f_Ruminococcaceae;g_unclassify_f_Ruminococcaceae	0.005053294	0.003981409	0.003851316	0.003977726	0.005053459	0.004410226	0.00098016	0.001377858	0.001018209	0.000908092	0.001475644	0.001356618	0.001982397	0.0022469	0.002274045	0.002020488	0.001970761	0.002199814	0.001693255	0.001833693	0.002288479	0.001022276	0.001994763	0.003096856	no-sig
d_Bacteria;p_Bacillota_A;c_Clostridia;o_Oscillospirales;f_unclassify_o_Oscillospirales;g_unclassify_o_Oscillospirales	0.003242647	0.003043381	0.00339904	0.002969315	0.003366377	0.00352701	0.001347489	0.001491507	0.001366542	0.001287631	0.001407777	0.001505177	0.002015979	0.002159551	0.002258411	0.002096246	0.002069381	0.002347788	0.000957444	0.001125125	0.001131874	0.000502585	0.001205889	0.001232097	no-sig
d_Bacteria;p_Bacillota_A;c_Clostridia;o_Peptostreptococcales;f_Anaerovoracaceae;g_Emergencia	0.002029908	0.002222169	0.001396458	0.001672971	0.002597544	0.001578128	0.000130171	0.000741362	0.000132095	9.81594E-05	0.000133454	0.000138595	3.04439E-05	3.24369E-05	3.67363E-05	3.29643E-05	2.33298E-05	3.08999E-05	3.47249E-05	1.87116E-05	1.89717E-05	8.91936E-05	1.70173E-05	0.000124306	no-sig
d_Bacteria;p_Bacillota_A;c_Clostridia;o_Peptostreptococcales;f_Anaerovoracaceae;g_Hominibacterium	0.003370555	0.006653572	0.005152453	0.003045257	0.004913049	0.005061951	0.003612658	0.00139303	0.001207568	0.001142724	0.001997701	0.002013488	0.001232746	0.001041653	0.001036487	0.001087408	0.001141529	0.001997326	9.71465E-05	7.92744E-05	0.000102856	4.03336E-05	8.38981E-05	0.00012211	no-sig
d_Bacteria;p_Bacillota_A;c_Clostridia;o_Peptostreptococcales;f_Anaerovoracaceae;g_JAISGB01	0.000167704	0.000285228	0.000203314	0.000214637	0.000280675	0.000369779	3.7424E-05	3.51457E-05	2.50795E-05	2.35024E-05	3.65016E-05	3.87123E-05	0.001258223	0.002744905	0.001010776	0.000738393	0.002415343	0.00262698	5.25622E-05	3.40958E-05	3.89431E-05	1.75182E-05	3.6137E-05	3.14202E-05	no-sig
d_Bacteria;p_Bacillota_A;c_Clostridia;o_Peptostreptococcales;f_Anaerovoracaceae;g_Lentihominibacter	0.002078208	0.002651522	0.002410445	0.002397513	0.003665381	0.002881626	0.005410724	0.003069356	0.001766651	0.001858326	0.004059971	0.004062751	0.003362805	0.003817102	0.006883663	0.004643035	0.001888975	0.002502148	0.000108196	8.66821E-05	9.28592E-05	3.3292E-05	9.79294E-05	9.46132E-05	no-sig
d_Bacteria;p_Bacillota_A;c_Clostridia;o_unclassify_c_Clostridia;f_unclassify_c_Clostridia;g_unclassify_c_Clostridia	0.005483711	0.004263738	0.004818815	0.004491561	0.004993343	0.004559472	0.002472249	0.002999039	0.001865869	0.004475902	0.002316014	0.002468779	0.001831443	0.001854621	0.002066292	0.00165222	0.001996674	0.00217278	0.001656667	0.001753923	0.002051659	0.001090772	0.001752408	0.002575266	no-sig
d_Bacteria;p_Bacillota_B;c_Dehalobacteriia;o_UBA4068;f_UBA4068;g_CALXSV01	0.000352705	0.0003883	0.000473489	0.000342281	0.000397357	0.000416003	7.70998E-05	0.000161753	4.90376E-05	0.000114538	5.21633E-05	6.8779E-05	0.001935619	0.002268433	0.001175592	0.000700828	0.007855091	0.013251124	4.17942E-06	4.16458E-06	2.82035E-06	2.2639E-06	3.62589E-06	1.10905E-05	no-sig
d_Bacteria;p_Bacillota_C;c_Negativicutes;o_Acidaminococcales;f_Acidaminococcaceae;g_Phascolarctobacterium	0.000999051	0.001137375	0.001530649	0.001393114	0.001282506	0.001229493	0.000274601	0.000432206	0.000234036	0.000157072	0.000164914	0.000227522	0.000333625	0.000384725	0.000282256	0.000114667	0.000249837	0.000133512	0.000570229	0.000276989	0.001523305	0.000328735	0.000381708	0.000283743	no-sig
d_Bacteria;p_Bacillota_C;c_Negativicutes;o_Acidaminococcales;f_JAISLQ01;g_JAISLQ01	0.001390099	0.001401396	0.000854985	0.000731222	0.001004606	0.000741528	0.002170939	0.002171707	0.001959375	0.001252228	0.000995225	0.001679068	0.000908717	0.001165579	0.001178982	0.001116123	0.001033114	0.001057267	0.00243766	0.003208419	0.002015413	0.002958339	0.002645473	0.002829325	no-sig
d_Bacteria;p_Bacillota_I;c_Bacilli_A;o_Acholeplasmatales;f_Acholeplasmataceae;g_JAJDIT01	0.002003449	0.001579178	0.001363258	0.001255771	0.001374968	0.001170653	0.000979337	0.001310678	0.001324745	0.001132556	0.001222324	0.001651202	0.000579488	0.000530828	0.000968969	0.000594054	0.000494428	0.000446796	8.26504E-07	5.05435E-07	8.26557E-07	2.79312E-07	1.82818E-06	9.96207E-07	no-sig
d_Bacteria;p_Bacillota_I;c_Bacilli_A;o_Erysipelotrichales;f_Erysipelotrichaceae;g_Breznakia	0.008493441	0.005458028	0.004193291	0.001993259	0.0053831	0.004405447	0.001760343	0.00104489	0.001332214	0.000969993	0.001453824	0.001636019	0.000350003	0.00117215	0.001050733	0.000179553	0.000201317	0.000119524	0.002375538	0.000573021	0.002982038	0.000207627	0.000585253	0.000247756	no-sig
d_Bacteria;p_Bacillota_I;c_Bacilli_A;o_Erysipelotrichales;f_Erysipelotrichaceae;g_RGIG1896	0.003835647	0.002012185	0.001104031	0.000752508	0.001150852	0.001078662	0.000970071	0.000725663	0.001085175	0.000962898	0.000935014	0.000782926	2.31658E-05	2.35224E-05	3.3147E-05	2.63522E-05	2.96215E-05	1.7434E-05	8.20643E-07	4.10666E-07	3.20011E-06	7.35031E-07	1.07405E-06	7.93439E-07	no-sig
d_Bacteria;p_Bacteroidota;c_Bacteroidia;o_Bacteroidales;f_Azobacteroidaceae;g_BNXB01	9.19582E-05	5.69958E-05	9.01168E-05	9.55371E-05	6.45188E-05	6.6718E-05	8.23995E-05	9.6598E-05	0.000164707	0.000109547	0.000150619	0.0001115	0.019284485	0.01895727	0.031237668	0.030411854	0.007288127	0.023437861	0.000130013	0.00026688	0.000370711	9.89107E-05	0.000129709	0.000104628	Esin
d_Bacteria;p_Bacteroidota;c_Bacteroidia;o_Bacteroidales;f_Azobacteroidaceae;g_JAITXK01	7.56445E-05	4.1734E-05	5.66521E-05	5.60975E-05	7.57668E-05	6.80982E-05	5.88538E-05	0.000150965	7.52386E-05	0.00010303	6.13888E-05	0.000118602	0.003532324	0.001842904	0.001853644	0.001387537	0.002091161	0.001606126	2.17119E-05	5.19071E-05	3.538E-05	8.84488E-06	2.83748E-05	3.34831E-05	no-sig
d_Bacteria;p_Bacteroidota;c_Bacteroidia;o_Bacteroidales;f_Azobacteroidaceae;g_JAJBTS01	0.01442724	0.011229577	0.019436659	0.017291652	0.014571382	0.014856532	0.006448119	0.013106698	0.009370239	0.008536276	0.006446284	0.008963135	0.061300123	0.067484252	0.073097696	0.107979319	0.029755532	0.050753978	0.000675407	0.003332914	0.002927619	0.000292905	0.001750473	0.000297496	Esin
d_Bacteria;p_Bacteroidota;c_Bacteroidia;o_Bacteroidales;f_Azobacteroidaceae;g_JAJDGO01	0.009546305	0.007828022	0.013571711	0.00791723	0.010183191	0.009396648	0.021466511	0.021764936	0.014489452	0.012797975	0.0121199	0.015735228	0.006145625	0.00704414	0.008171203	0.010682825	0.004653643	0.0049565	1.857E-05	4.86166E-05	2.87228E-05	1.38578E-05	5.37332E-05	1.08789E-05	Peri
d_Bacteria;p_Bacteroidota;c_Bacteroidia;o_Bacteroidales;f_Azobacteroidaceae;g_WRFZ01	0.010228803	0.007450704	0.015098741	0.010489948	0.01030892	0.019276613	0.000276738	0.000968235	0.000298106	0.00047327	0.00024547	0.000449589	0.007903642	0.017333967	0.016215193	0.012307084	0.012574861	0.012197663	0.00047823	0.003952762	0.000885521	0.001000338	0.002409082	0.000979016	Esin
d_Bacteria;p_Bacteroidota;c_Bacteroidia;o_Bacteroidales;f_Azobacteroidaceae;g_unclassify_f_Azobacteroidaceae	0.00224886	0.001287054	0.002256539	0.003434927	0.002799109	0.003292976	0.000383996	0.000890333	0.000401486	0.000449682	0.000320547	0.000462284	0.008135841	0.009364063	0.01112925	0.010097129	0.00741902	0.006678812	0.000676045	0.001517611	0.002268959	0.000424711	0.000893362	0.000512853	Esin
d_Bacteria;p_Bacteroidota;c_Bacteroidia;o_Bacteroidales;f_BM520;g_RGIG7150	0.002532832	0.002197463	0.0020511	0.004136003	0.005315888	0.003959674	0.000185052	0.000105287	0.00020339	0.000130803	0.000111568	0.000116638	0.004725878	0.01493482	0.009706897	0.008182163	0.027863106	0.027362119	1.78314E-05	2.93837E-05	2.24008E-05	7.98734E-06	3.25949E-05	1.80111E-05	Esin
d_Bacteria;p_Bacteroidota;c_Bacteroidia;o_Bacteroidales;f_Bacteroidaceae;g_Bacteroides	0.005768485	0.006412592	0.005126182	0.004712517	0.003286679	0.006415918	0.02051906	0.028460506	0.006040014	0.088493731	0.013651542	0.006268689	0.03255874	0.047913902	0.012195283	0.020903851	0.048177149	0.021655526	0.006278145	0.012463644	0.007496065	0.005472239	0.020850105	0.002376836	Esin
d_Bacteria;p_Bacteroidota;c_Bacteroidia;o_Bacteroidales;f_Bacteroidaceae;g_Bacteroides_H	0.065086952	0.062286782	0.063746344	0.051133522	0.058481008	0.044831013	0.052934	0.062441097	0.146210493	0.086940115	0.13533811	0.083612786	0.037166704	0.048492967	0.057553746	0.08061176	0.051534352	0.027724152	0.257344431	0.178038528	0.218071825	0.293623752	0.186539874	0.136806977	Bger
d_Bacteria;p_Bacteroidota;c_Bacteroidia;o_Bacteroidales;f_Bacteroidaceae;g_unclassify_f_Bacteroidaceae	0.000438338	0.000378249	0.000395668	0.000323008	0.00037248	0.000313295	0.000423542	0.000581918	0.000623488	0.000871291	0.000733155	0.000559442	0.0013758	0.003710305	0.001742171	0.002051469	0.002051251	0.000945206	0.001832319	0.006363877	0.004116582	0.001661023	0.002947381	0.001056614	no-sig
d_Bacteria;p_Bacteroidota;c_Bacteroidia;o_Bacteroidales;f_Dysgonomonadaceae;g_Dysgonomonas	0.015655485	0.011615713	0.017208066	0.016842961	0.018200368	0.017925618	0.024179952	0.042917072	0.05064208	0.042537115	0.033795651	0.053368435	0.00201979	0.003169967	0.00201062	0.002052477	0.002324177	0.001797976	0.131401436	0.133343884	0.122500976	0.171704903	0.102905472	0.102225389	Bger
d_Bacteria;p_Bacteroidota;c_Bacteroidia;o_Bacteroidales;f_F082;g_JAISHW01	0.012758262	0.013841118	0.013379633	0.023651397	0.014661242	0.017955569	0.000261383	0.00024846	0.000345772	0.000209831	0.00024065	0.000245205	0.006809174	0.008901491	0.006094635	0.01383713	0.010148033	0.007365732	0.00010472	0.000120704	5.27712E-05	2.46627E-05	0.000112273	6.89499E-05	Esin
d_Bacteria;p_Bacteroidota;c_Bacteroidia;o_Bacteroidales;f_JAQUTK01;g_JAQUTK01	0.000305503	0.000110965	0.000137433	0.000235112	0.000247069	0.000127179	3.01991E-05	6.05354E-05	4.5767E-05	0.000213782	5.12492E-05	3.53427E-05	0.00170421	0.0027441	0.001858176	0.001038058	0.002197046	0.003048541	0.001136332	0.000726442	0.000294159	9.7421E-05	0.002126499	0.000380313	no-sig
d_Bacteria;p_Bacteroidota;c_Bacteroidia;o_Bacteroidales;f_ML635J_15;g_Bact_19	0.00307313	0.002151219	0.003267251	0.002891563	0.003448214	0.002739655	0.003715834	0.005001106	0.001710462	0.003829109	0.003716648	0.003841179	0.001107239	0.001176514	0.002031149	0.002146809	0.001709691	0.00204623	0.000223602	0.000380951	0.000620671	0.000116733	0.00036508	0.000129719	no-sig
d_Bacteria;p_Bacteroidota;c_Bacteroidia;o_Bacteroidales;f_Marinifilaceae;g_Butyricimonas	0.001462824	0.001727576	0.00178734	0.00118034	0.001460951	0.001701341	0.001464495	0.001660336	0.001450007	0.00153268	0.001168111	0.001418917	8.64675E-05	0.000127034	8.23669E-05	7.79516E-05	8.93987E-05	8.41334E-05	0.009965328	0.003197431	0.002114103	0.003310007	0.001596898	0.008214055	no-sig
d_Bacteria;p_Bacteroidota;c_Bacteroidia;o_Bacteroidales;f_Marinifilaceae;g_Odoribacter	0.012426978	0.008587519	0.009880379	0.005270352	0.012197075	0.007551473	0.002608264	0.00763106	0.007048782	0.010570585	0.008899762	0.00714	0.000603459	0.000800873	0.000875781	0.000576665	0.001447287	0.002299476	0.00346313	0.002858073	0.003164098	0.001524504	0.002631739	0.001892247	Peri
d_Bacteria;p_Bacteroidota;c_Bacteroidia;o_Bacteroidales;f_Marinilabiliaceae;g_Geofilum	7.64011E-06	4.22666E-06	4.17745E-06	3.82449E-06	4.24311E-06	3.04989E-06	2.10217E-06	2.76095E-06	2.82718E-06	3.95747E-06	1.48372E-05	7.10772E-06	0.000796158	0.001230307	0.000409668	0.000191485	0.015065194	0.000242461	5.45141E-06	1.31361E-05	1.30518E-05	3.78786E-06	1.99957E-05	3.20021E-06	no-sig
d_Bacteria;p_Bacteroidota;c_Bacteroidia;o_Bacteroidales;f_P3;g_HGM05376	0.000211483	0.000117807	7.28883E-05	5.97117E-05	0.000117873	4.4127E-05	0.001157035	0.001785916	0.002313007	0.001790472	0.002328693	0.002387657	0.000205456	0.000326761	0.000287093	0.000124389	8.88117E-05	0.000206683	1.03167E-06	1.77429E-06	9.94102E-07	3.47915E-07	2.17858E-06	1.34003E-06	no-sig
d_Bacteria;p_Bacteroidota;c_Bacteroidia;o_Bacteroidales;f_P3;g_UBA10566	0.002631129	0.002949815	0.005901615	0.003784969	0.00517345	0.00752573	7.39228E-05	8.11398E-05	7.65426E-05	6.88385E-05	9.18311E-05	8.32248E-05	4.71142E-05	7.4046E-05	6.50176E-05	7.79176E-05	3.68758E-05	5.65502E-05	2.6876E-05	5.42027E-05	3.63741E-05	1.24808E-05	5.03968E-05	1.92453E-05	no-sig
d_Bacteria;p_Bacteroidota;c_Bacteroidia;o_Bacteroidales;f_P3;g_WRKV01	0.003881658	0.001812379	0.001369888	0.001738325	0.002182744	0.00103242	0.000334809	0.002857013	0.001804912	0.013382297	0.002064042	0.000738759	0.000754735	0.000232623	0.00260257	0.000320997	0.000135683	0.000134718	1.55043E-05	2.73777E-05	2.27582E-05	6.13506E-06	2.77274E-05	5.80974E-06	no-sig
d_Bacteria;p_Bacteroidota;c_Bacteroidia;o_Bacteroidales;f_Paludibacteraceae;g_JAIRTG01	0.000730581	0.003436136	0.003710816	0.001099327	0.001808983	0.001343647	3.85805E-05	0.000103924	6.07062E-05	0.000245477	6.26374E-05	0.000157378	0.000344883	0.000145257	0.00029433	0.000560869	0.000152862	0.000309774	0.000267723	0.000378992	0.000310964	9.5608E-05	0.000298785	0.000114291	no-sig
d_Bacteria;p_Bacteroidota;c_Bacteroidia;o_Bacteroidales;f_Paludibacteraceae;g_JAISJU01	0.000206472	0.000227147	0.000262745	0.000266167	0.000308363	0.000290349	0.000887189	0.000854465	0.001825276	0.001676304	0.003733629	0.002108273	0.000296137	0.000345202	0.000290512	0.000284474	0.000571478	0.000247947	0.000572006	0.001532253	0.00208605	0.000280708	0.00149516	0.000591192	no-sig
d_Bacteria;p_Bacteroidota;c_Bacteroidia;o_Bacteroidales;f_Paludibacteraceae;g_Paludibacter	0.000763679	0.000564949	0.000591383	0.000662479	0.000652788	0.000572747	0.000657284	0.001098416	0.000884418	0.002059073	0.00182929	0.001249403	0.000262329	0.000416228	0.000297679	0.00028937	0.000208701	0.000268472	0.001833421	0.006109459	0.004466405	0.001007875	0.003280696	0.008456309	no-sig
d_Bacteria;p_Bacteroidota;c_Bacteroidia;o_Bacteroidales;f_Paludibacteraceae;g_QVMH01	0.016460027	0.013632198	0.014692593	0.015943582	0.012505819	0.011239284	0.011167346	0.012951264	0.010811916	0.018424751	0.01270261	0.018946798	0.009700003	0.01157723	0.014405505	0.010952733	0.009687693	0.014781392	0.010590587	0.026813329	0.023115205	0.004217393	0.022373815	0.006069212	no-sig
d_Bacteria;p_Bacteroidota;c_Bacteroidia;o_Bacteroidales;f_Paludibacteraceae;g_RF16	3.17646E-05	2.44701E-05	3.81608E-05	2.05125E-05	2.21569E-05	1.88358E-05	0.00143678	0.004472062	0.000445626	0.001860915	0.000916921	0.002393371	1.67727E-05	5.2416E-05	2.54355E-05	3.7752E-05	1.85406E-05	6.32804E-05	1.4795E-05	3.31271E-05	2.97672E-05	6.60548E-06	2.53888E-05	1.02883E-05	no-sig
d_Bacteria;p_Bacteroidota;c_Bacteroidia;o_Bacteroidales;f_Paludibacteraceae;g_unclassify_f_Paludibacteraceae	0.000775361	0.000560628	0.000810995	0.000754109	0.00064118	0.001423758	0.000189304	0.000431875	0.00026079	0.000721236	0.000279583	0.000587066	0.000125879	0.000121582	0.000117417	0.000142685	0.000283098	0.000131854	0.00051418	0.001174258	0.00089577	0.000194029	0.000950828	0.000412879	no-sig
d_Bacteria;p_Bacteroidota;c_Bacteroidia;o_Bacteroidales;f_Prolixibacteraceae;g_UBA1413	0.000803901	0.001389821	0.000626866	0.004714666	0.005218636	0.002178017	3.78934E-06	2.52544E-06	3.55224E-06	2.68109E-06	4.01908E-06	2.81083E-06	0.000579547	0.001221997	0.000411179	0.000337467	0.001419045	0.000802918	3.1243E-06	7.62891E-06	1.29457E-05	1.48966E-06	8.52388E-06	4.408E-06	no-sig
d_Bacteria;p_Bacteroidota;c_Bacteroidia;o_Bacteroidales;f_Rikenellaceae;g_Alistipes	0.003907586	0.002083687	0.002923262	0.002710385	0.002768985	0.002446034	0.003669049	0.003380776	0.006884236	0.002956099	0.004007614	0.002466873	0.001172355	0.001714743	0.001273048	0.001168782	0.0010893	0.000989507	0.001585312	0.001788298	0.001726856	0.000658201	0.003339015	0.000865537	no-sig
d_Bacteria;p_Bacteroidota;c_Bacteroidia;o_Bacteroidales;f_Rikenellaceae;g_Alistipes_A	0.000927992	0.000931401	0.001233983	0.002540461	0.002373974	0.002681249	0.002056667	0.002238501	0.000978889	0.001095983	0.00109402	0.001098338	0.000389963	0.000493906	0.000644051	0.000467234	0.000335538	0.000375101	0.02122005	0.00995799	0.007555337	0.07499753	0.010592106	0.011845926	Bger
d_Bacteria;p_Bacteroidota;c_Bacteroidia;o_Bacteroidales;f_Rikenellaceae;g_CALYBN01	0.000420317	0.000313716	0.000193459	0.00015742	0.000228671	0.000212474	6.09968E-05	6.44538E-05	5.70966E-05	7.43932E-05	5.14659E-05	0.000141313	6.64983E-05	0.000138356	5.96716E-05	4.64492E-05	3.99101E-05	6.50087E-05	0.002598958	0.002783353	0.003049765	0.001064551	0.003857631	0.001409501	no-sig
d_Bacteria;p_Bacteroidota;c_Bacteroidia;o_Bacteroidales;f_Rikenellaceae;g_JAJQAW01	0.007999961	0.003959089	0.005699795	0.007538733	0.009091341	0.009271952	0.006643212	0.018800862	0.013020635	0.016220549	0.006372739	0.012971599	0.007247905	0.00502768	0.00812374	0.005696323	0.01074159	0.010976001	0.039519192	0.017928894	0.039771114	0.015929273	0.054823222	0.025420387	Bger
d_Bacteria;p_Bacteroidota;c_Bacteroidia;o_Bacteroidales;f_Rikenellaceae;g_Rikenella	8.84749E-05	5.14142E-05	5.63533E-05	4.79602E-05	5.85314E-05	5.18181E-05	0.002518892	0.005465556	0.015284626	0.003201255	0.003357329	0.001231979	3.3955E-05	8.64313E-05	3.22277E-05	3.25167E-05	6.01704E-05	2.78632E-05	0.001051079	0.003213515	0.002737963	0.001130096	0.002604582	0.004374663	no-sig
d_Bacteria;p_Bacteroidota;c_Bacteroidia;o_Bacteroidales;f_Rikenellaceae;g_Tidjanibacter	0.008846754	0.008384579	0.011151367	0.010901813	0.012043493	0.012290112	0.013903135	0.01819416	0.015429506	0.026065798	0.016699896	0.017337931	0.038710378	0.042655676	0.035129177	0.034881875	0.047727262	0.03993015	0.008815326	0.021210543	0.019178784	0.007389759	0.022164344	0.010169944	Esin
d_Bacteria;p_Bacteroidota;c_Bacteroidia;o_Bacteroidales;f_Rikenellaceae;g_UBA940	0.001373154	0.001458897	0.002129614	0.002033224	0.001962441	0.002671545	0.011854721	0.007716625	0.007948635	0.007403699	0.009372336	0.006414368	0.013058617	0.014636381	0.012373449	0.008273044	0.008965068	0.006756064	0.000332401	0.000603137	0.000599181	0.000180597	0.001278125	0.000198069	Esin
d_Bacteria;p_Bacteroidota;c_Bacteroidia;o_Bacteroidales;f_Rikenellaceae;g_WRDF01	0.004792626	0.003617768	0.003963143	0.002429536	0.003860613	0.004138695	0.006708897	0.026131375	0.009369253	0.015699889	0.006542822	0.005895799	0.001696712	0.002784517	0.001820878	0.001238727	0.001736495	0.001828725	0.02306714	0.012114535	0.021241099	0.010217644	0.031614356	0.012474145	Bger
d_Bacteria;p_Bacteroidota;c_Bacteroidia;o_Bacteroidales;f_Rikenellaceae;g_unclassify_f_Rikenellaceae	0.002449432	0.001845215	0.002117719	0.002061867	0.002323431	0.002409712	0.001681372	0.002359196	0.002990989	0.001828763	0.001919637	0.001627385	0.002350138	0.003058201	0.003359172	0.002074563	0.00260174	0.0023207	0.03001741	0.028733046	0.034784018	0.012760475	0.050272125	0.013944433	Bger
d_Bacteria;p_Bacteroidota;c_Bacteroidia;o_Bacteroidales;f_Tannerellaceae;g_DFXE01	0.005692716	0.006195219	0.014049277	0.023965945	0.011475934	0.020729454	0.026433052	0.045484932	0.014444973	0.028133585	0.021035869	0.027587177	0.001029915	0.001006172	0.000837851	0.000559418	0.00110473	0.00062441	0.00532797	0.00723966	0.0078535	0.006323214	0.008377923	0.004899056	Peri
d_Bacteria;p_Bacteroidota;c_Bacteroidia;o_Bacteroidales;f_Tannerellaceae;g_JAJDIA01	0.002050803	0.003407682	0.00436773	0.002830326	0.003130397	0.004498504	0.001494062	0.001822911	0.001991814	0.003555773	0.002005282	0.001696457	3.45183E-05	3.1543E-05	3.54013E-05	2.2505E-05	2.2467E-05	1.913E-05	1.39333E-05	1.7169E-05	1.10301E-05	5.19912E-06	1.56614E-05	7.63465E-06	no-sig
d_Bacteria;p_Bacteroidota;c_Bacteroidia;o_Bacteroidales;f_Tannerellaceae;g_JARXWG01	0.000275695	0.000259626	0.000319194	0.000249854	0.000357162	0.000277131	0.000426121	0.000701551	0.000430603	0.000438587	0.000380894	0.000551937	5.23662E-05	5.87295E-05	5.98707E-05	6.14242E-05	5.57568E-05	5.50695E-05	0.022110218	0.008287701	0.012655912	0.017188072	0.011387142	0.01600041	Bger
d_Bacteria;p_Bacteroidota;c_Bacteroidia;o_Bacteroidales;f_Tannerellaceae;g_Parabacteroides	0.006310795	0.003968708	0.006113374	0.003814663	0.003821795	0.002800515	0.001725763	0.00251894	0.001490844	0.002598551	0.00147383	0.003776369	0.000415397	0.000397618	0.000426807	0.000365718	0.000366234	0.000395991	0.005167323	0.005380732	0.006232276	0.030974528	0.008877991	0.001554841	Bger
d_Bacteria;p_Bacteroidota;c_Bacteroidia;o_Bacteroidales;f_Tannerellaceae;g_QVMG01	0.052830921	0.061212119	0.0607189	0.067246449	0.062422552	0.074681744	0.055294855	0.060502236	0.033490381	0.035904758	0.035359875	0.032747022	0.028953897	0.031641253	0.035997856	0.027215469	0.024163021	0.029197483	0.009826927	0.0316729	0.029598129	0.00901383	0.034630096	0.006192724	Peri
d_Bacteria;p_Bacteroidota;c_Bacteroidia;o_Bacteroidales;f_Tannerellaceae;g_Tannerella	0.016396539	0.005594589	0.01471494	0.023358955	0.021279044	0.01832994	0.006203159	0.005782689	0.010578918	0.010582236	0.007172951	0.01401857	0.002432407	0.003701157	0.002445776	0.001546324	0.003075209	0.003374333	0.01089858	0.052596997	0.026379757	0.01811599	0.023942834	0.026743985	Bger
d_Bacteria;p_Bacteroidota;c_Bacteroidia;o_Bacteroidales;f_Tannerellaceae;g_unclassify_f_Tannerellaceae	0.001648576	0.00177527	0.002696225	0.002310654	0.002263674	0.002597269	0.000901061	0.001009284	0.000870084	0.000912392	0.000870176	0.000862695	0.000770703	0.000841741	0.000833605	0.000716245	0.000770588	0.000793291	0.00273903	0.008941444	0.004075874	0.001546623	0.009368849	0.002159804	no-sig
d_Bacteria;p_Bacteroidota;c_Bacteroidia;o_Bacteroidales;f_UBA1715;g_WQTX01	0.000284322	0.00024365	0.000289157	0.000306267	0.000286088	0.000252044	3.92064E-05	3.30863E-05	5.64342E-05	4.17709E-05	9.32258E-05	4.66321E-05	0.000420078	0.001062583	0.001501745	0.000433578	0.009862042	0.000491733	4.53698E-06	1.18672E-05	7.92489E-06	1.70527E-06	6.92422E-06	3.01507E-06	no-sig
d_Bacteria;p_Bacteroidota;c_Bacteroidia;o_Bacteroidales;f_UBA4181;g_JAIRLS01	0.001198644	0.000875909	0.002665997	0.003429194	0.002233086	0.003759767	0.002247705	0.002139383	0.002506033	0.001828464	0.001341587	0.002224047	5.68063E-05	0.000164069	6.80155E-05	6.13165E-05	9.75509E-05	6.25374E-05	9.34067E-05	0.000141538	0.000159336	4.52044E-05	0.000121848	6.2717E-05	no-sig
d_Bacteria;p_Bacteroidota;c_Bacteroidia;o_Bacteroidales;f_UBA932;g_Bact_08	0.001246474	0.001834746	0.002134293	0.002011968	0.003040904	0.002915175	0.000394901	0.000309141	0.000261212	0.001570151	0.000151632	0.000187243	0.001791036	0.001127384	0.001484934	0.001364392	0.001369052	0.001547999	4.85117E-05	5.93307E-05	0.000111356	2.67845E-05	6.87319E-05	3.11116E-05	no-sig
d_Bacteria;p_Bacteroidota;c_Bacteroidia;o_Bacteroidales;f_UBA932;g_Bact_11	0.001391285	0.001636693	0.004136386	0.002469787	0.002840128	0.003907639	7.31336E-06	8.90919E-06	9.59261E-06	1.30917E-05	1.49691E-05	1.34666E-05	7.15382E-06	9.26079E-06	6.06026E-06	1.53886E-05	4.66009E-06	1.67395E-05	1.59908E-05	5.07015E-06	1.05665E-05	1.15253E-05	1.314E-05	6.38278E-06	no-sig
d_Bacteria;p_Bacteroidota;c_Bacteroidia;o_Bacteroidales;f_UBA932;g_Coprenecus	1.83298E-05	9.47121E-06	1.89085E-05	1.54783E-05	1.79484E-05	3.1608E-05	8.25219E-06	1.01869E-05	1.39429E-05	6.56725E-06	1.86254E-05	9.41168E-06	0.001702945	0.000925716	0.001483131	0.002477041	0.001798925	0.003219004	4.05925E-05	0.000100797	7.12793E-05	1.56072E-05	9.03729E-05	9.21271E-06	no-sig
d_Bacteria;p_Bacteroidota;c_Bacteroidia;o_Bacteroidales;f_UBA932;g_Cryptobacteroides	0.001872622	0.003221231	0.010813286	0.00603413	0.005617197	0.008778007	0.001842362	0.001150563	0.001101314	0.000817941	0.000521359	0.000753648	0.006771298	0.00632196	0.006288932	0.005842118	0.0112595	0.009936544	4.86524E-05	0.000139526	0.000101845	3.49826E-05	9.27724E-05	4.55963E-05	Esin
d_Bacteria;p_Bacteroidota;c_Bacteroidia;o_Bacteroidales;f_UBA932;g_JAIRKV01	0.000887734	0.001125106	0.002749844	0.000913505	0.001375487	0.001033474	0.000325863	0.000438109	0.000381164	0.000345369	0.000348016	0.00041439	0.001345342	0.000892579	0.000241579	0.000211095	0.000281642	0.000193616	8.93914E-05	8.2328E-05	0.00011311	7.85846E-05	9.15536E-05	4.19818E-05	no-sig
d_Bacteria;p_Bacteroidota;c_Bacteroidia;o_Bacteroidales;f_UBA932;g_JAIRLF01	0.000312769	0.000205239	0.000300607	0.000460216	0.000543644	0.000440469	0.000555639	0.000567492	0.000737222	0.000595752	0.001185229	0.000976159	6.86927E-05	7.36675E-05	7.91289E-05	6.43365E-05	0.000125335	9.50256E-05	0.000952514	0.003801963	0.003666857	0.00097866	0.004774836	0.001273682	no-sig
d_Bacteria;p_Bacteroidota;c_Bacteroidia;o_Bacteroidales;f_UBA932;g_JAIRNF01	0.00124115	0.000662554	0.001442128	0.002508911	0.002521203	0.002052091	0.00500851	0.003037577	0.00424568	0.002412807	0.002981514	0.003196007	3.05317E-05	6.14111E-05	3.9096E-05	2.68224E-05	3.72103E-05	3.79801E-05	0.001502702	0.006151926	0.005832089	0.002992714	0.004999648	0.00859711	no-sig
d_Bacteria;p_Bacteroidota;c_Bacteroidia;o_Bacteroidales;f_UBA932;g_JAISFN01	0.001608918	0.001318036	0.001490701	0.002402088	0.002894506	0.002820134	0.002000466	0.003501912	0.005462663	0.00269164	0.004672685	0.005130763	9.50916E-06	1.48092E-05	1.2302E-05	1.08502E-05	1.26949E-05	9.98768E-06	0.005055968	0.005148227	0.007471061	0.004298835	0.006514972	0.017585076	Bger
d_Bacteria;p_Bacteroidota;c_Bacteroidia;o_Bacteroidales;f_UBA932;g_unclassify_f_UBA932	0.001101934	0.000973385	0.00211026	0.001694813	0.001458293	0.002143913	1.71779E-05	1.94419E-05	2.53299E-05	2.68965E-05	2.29978E-05	1.26142E-05	0.003684698	0.003628883	0.005449237	0.00705557	0.009063329	0.008834357	5.48248E-05	6.14841E-05	9.63441E-05	3.99612E-05	6.39939E-05	6.69751E-05	Esin
d_Bacteria;p_Bacteroidota;c_Bacteroidia;o_Bacteroidales;f_WCHB1_69;g_JAGVVH01	0.009159731	0.016383353	0.023247936	0.015097603	0.023505008	0.020611919	0.004058643	0.010478999	0.004439076	0.007640199	0.007031779	0.00542798	0.032656575	0.032960987	0.027380764	0.016318687	0.027545104	0.027961089	0.000179744	0.000282217	0.000203646	9.43045E-05	0.000234692	0.000137574	Esin
d_Bacteria;p_Bacteroidota;c_Bacteroidia;o_Bacteroidales;f_WCHB1_69;g_JAIROC01	0.003837192	0.003437902	0.006865467	0.006555336	0.007092519	0.00966716	0.001910012	0.001651853	0.002732328	0.002115633	0.001195599	0.00347474	0.005003918	0.005452928	0.00804426	0.005028736	0.005373897	0.006683259	2.03754E-05	7.94218E-05	2.16468E-05	7.59042E-06	2.74608E-05	9.71522E-06	Esin
d_Bacteria;p_Bacteroidota;c_Bacteroidia;o_Bacteroidales;f_WRGA01;g_WRGA01	0.002551397	0.002655068	0.004428954	0.002134502	0.001801009	0.001658353	0.00010136	0.000138774	8.19414E-05	9.51432E-05	8.60121E-05	0.000109657	2.39485E-05	1.78693E-05	2.43289E-05	2.31509E-05	1.56354E-05	1.92862E-05	1.39216E-05	3.73759E-05	3.80216E-05	6.17426E-06	2.84434E-05	8.86007E-06	no-sig
d_Bacteria;p_Bacteroidota;c_Bacteroidia;o_Bacteroidales;f_WRLA01;g_WRLA01	0.002310807	0.002486467	0.002896236	0.010255444	0.00668064	0.006482883	0.018060165	0.00684393	0.011166425	0.009518298	0.004807139	0.008253354	0.008494973	0.004060572	0.002353291	0.004669155	0.02789055	0.01177698	0.000129357	0.000168842	0.000164837	6.85E-05	0.000157513	9.43928E-05	Esin
d_Bacteria;p_Bacteroidota;c_Bacteroidia;o_Bacteroidales;f_unclassify_o_Bacteroidales;g_unclassify_o_Bacteroidales	0.006939983	0.005736124	0.00773193	0.007198707	0.007560354	0.008547493	0.003768619	0.004916644	0.005076048	0.004846278	0.00456271	0.004478788	0.0054056	0.006403092	0.005808754	0.006788235	0.006787648	0.005761108	0.009984039	0.017274671	0.020913029	0.009655115	0.014377432	0.005581282	Bger
d_Bacteria;p_Deferribacterota;c_Deferribacteres;o_Deferribacterales;f_JAISNW01;g_JAITWF01	0.000393106	0.000392371	0.000338932	0.000374041	0.000323113	0.000305448	3.40837E-06	2.77097E-06	4.29294E-06	3.07328E-06	4.07091E-06	4.07801E-06	0.000148979	0.000166211	0.000297363	0.000142192	0.000138083	0.000184182	0.001788145	0.001146754	0.001017441	0.001074209	0.001448031	0.005355222	no-sig
d_Bacteria;p_Desulfobacterota;c_Desulfarculia;o_Adiutricales;f_Adiutricaceae;g_Adiutrix	0.0135973	0.00643512	0.007165995	0.009594161	0.013511117	0.012415157	0.008514426	0.004247999	0.005979631	0.004463509	0.015909329	0.007843906	0.003887016	0.004092309	0.009057313	0.006187642	0.002686808	0.003446293	0.009275162	0.006184011	0.005264423	0.008685084	0.006354397	0.03229874	no-sig
d_Bacteria;p_Desulfobacterota;c_Desulfobacteria;o_Desulfobacterales;f_ASO4_4;g_Desulfobotulus	0.000804288	0.000732668	0.002651277	0.015321911	0.015720288	0.002545294	0.000762855	0.000666561	0.00080581	0.000541995	0.000310529	0.000644285	0.000476797	0.0009477	0.000627802	0.000919464	0.000771727	0.000751504	1.39509E-06	8.26597E-07	7.31614E-07	4.01817E-07	7.46506E-07	1.59569E-06	no-sig
d_Bacteria;p_Desulfobacterota;c_Desulfobacteria;o_Desulfobacterales;f_Desulfosarcinaceae;g_Desulfosarcina	0.001110073	0.002523064	0.002088995	0.004283468	0.004919521	0.004619198	0.000656747	0.000548371	0.000629789	0.000467437	0.00066787	0.000626136	4.73191E-05	4.52168E-05	4.51036E-05	0.000100995	7.33172E-05	5.45526E-05	8.07747E-06	5.05435E-06	5.95344E-06	2.2982E-06	9.13327E-06	1.37177E-05	no-sig
d_Bacteria;p_Desulfobacterota;c_Desulfobacteria;o_Desulfobacterales;f_G020353555;g_G020353555	4.84889E-06	3.80871E-06	4.58336E-06	5.39486E-06	6.35428E-06	6.77487E-06	0.003132275	0.001807338	0.002401396	0.001414391	0.002130279	0.00185732	0	0	0	0	0	0	0	0	0	0	0	0	no-sig
d_Bacteria;p_Desulfobacterota;c_Desulfobulbia;o_Desulfobulbales;f_Desulfobulbaceae;g_Desulfobulbus	0.000727523	0.001139559	0.002766267	0.002941071	0.003241555	0.001184396	0.010324452	0.003107362	0.00349222	0.003110675	0.006831046	0.007312486	5.36975E-05	7.10906E-05	7.21493E-05	6.08009E-05	0.000100104	8.18559E-05	5.92621E-05	3.85394E-05	3.75134E-05	1.6842E-05	4.85838E-05	0.000160151	no-sig
d_Bacteria;p_Desulfobacterota;c_Desulfovibrionia;o_Desulfovibrionales;f_Desulfovibrionaceae;g_Desulfovibrio	0.001729826	0.001713245	0.002291988	0.002260951	0.001895299	0.00196183	0.001649248	0.001199238	0.001660898	0.001410006	0.002096519	0.001676332	0.000233647	0.000302948	0.000346395	0.000295132	0.00043576	0.000279714	0.00066873	0.000462252	0.000413133	0.000209097	0.000570871	0.001165333	no-sig
d_Bacteria;p_Desulfobacterota;c_Desulfovibrionia;o_Desulfovibrionales;f_Desulfovibrionaceae;g_FLUQ01	0.008598344	0.011121079	0.008881495	0.006447123	0.00719038	0.008153213	0.00784059	0.0043646	0.009407937	0.005347735	0.014584229	0.009535594	0.0011709	0.001401817	0.001811533	0.001378477	0.001200273	0.001050015	0.009844998	0.005776003	0.005423446	0.003850461	0.006394571	0.010432978	Peri
d_Bacteria;p_Desulfobacterota;c_Desulfovibrionia;o_Desulfovibrionales;f_Desulfovibrionaceae;g_Frigididesulfovibrio	0.037871083	0.042772791	0.065264236	0.074199306	0.046624108	0.043864437	0.062339173	0.053023864	0.074771961	0.059478715	0.087962699	0.076058356	0.002056868	0.003321473	0.003384239	0.002859949	0.005058672	0.00295961	0.028567469	0.025561461	0.020553828	0.007633073	0.030495664	0.059466368	Peri
d_Bacteria;p_Desulfobacterota;c_Desulfovibrionia;o_Desulfovibrionales;f_Desulfovibrionaceae;g_Mailhella	0.002605362	0.002167378	0.00164295	0.00137847	0.001386652	0.001375388	0.003109709	0.002390499	0.004288417	0.002955058	0.004967756	0.003283621	5.14592E-05	8.76231E-05	7.89532E-05	6.058E-05	5.3415E-05	5.73793E-05	0.0016504	0.002752532	0.001103191	0.000393413	0.001993803	0.001353387	no-sig
d_Bacteria;p_Desulfobacterota;c_Desulfovibrionia;o_Desulfovibrionales;f_Desulfovibrionaceae;g_RGIG1962	0.000993183	0.001171795	0.000814129	0.000863448	0.001070765	0.000864121	0.002215486	0.000895353	0.001380042	0.001359129	0.000698868	0.000707068	3.83658E-05	3.62942E-05	4.82713E-05	4.35086E-05	3.49859E-05	5.61894E-05	0.000544408	0.00051059	0.000485613	0.000172492	0.000637516	0.001252268	no-sig
d_Bacteria;p_Desulfobacterota;c_Desulfovibrionia;o_Desulfovibrionales;f_Desulfovibrionaceae;g_WRHT01	0.007864414	0.011163905	0.024649547	0.023505022	0.014112448	0.02689205	0.047274581	0.0072314	0.010722014	0.008082665	0.011190441	0.011464994	0.000126494	0.00016704	0.000191551	0.000179649	0.000172013	0.000123562	0.003671637	0.001954902	0.001924045	0.001571355	0.002760785	0.006888288	Peri
d_Bacteria;p_Desulfobacterota;c_Desulfovibrionia;o_Desulfovibrionales;f_Desulfovibrionaceae;g_unclassify_f_Desulfovibrionaceae	0.003184705	0.003291816	0.00348644	0.002933077	0.002710246	0.002969501	0.00297166	0.001576505	0.0036406	0.001728771	0.003447558	0.002480679	0.000311762	0.000404028	0.000579115	0.000421283	0.00052645	0.000394188	0.001989847	0.001936928	0.00128257	0.000686578	0.001712858	0.003107752	no-sig
d_Bacteria;p_Elusimicrobiota;c_Elusimicrobia;o_Elusimicrobiales;f_Elusimicrobiaceae;g_UBA1174	0.000626674	0.000482836	0.000308331	0.000429102	0.000520483	0.000360659	0.000344857	0.000407312	0.001100975	0.00033309	0.000396282	0.000443898	0.000134767	0.000199944	0.000208087	0.000248371	0.000168556	0.00295379	0.000393744	0.000409571	0.00058504	9.88862E-05	0.00195436	0.000350303	no-sig
d_Bacteria;p_Elusimicrobiota;c_Endomicrobiia;o_Endomicrobiales;f_Endomicrobiaceae;g_Endomicrobium	0.001827076	0.00221681	0.001941122	0.002390082	0.0023255	0.003370399	0.000862868	0.008066117	0.001859735	0.004105418	0.002045393	0.000829535	0.004250888	0.000931385	0.001567085	0.000857734	0.001286444	0.000994848	1.09614E-05	1.61213E-05	1.57213E-05	3.99367E-06	2.35226E-05	7.40543E-06	no-sig
d_Bacteria;p_Eremiobacterota;c_CADAWZ01;o_CADAWZ01;f_Ess09_12;g_Ess09_12	0.000149803	0.000853029	0.000155039	0.00391029	0.001354299	0.00265761	0	0	0	0	0	0	0.000405441	0.000505679	0.001245071	0.001473529	0.000846664	0.000989884	0	0	0	0	0	0	no-sig
d_Bacteria;p_Fibrobacterota;c_Fibrobacteria;o_Fibrobacterales;f_Fibrobacteraceae;g_JAISUZ01	0.000108742	0.000475671	0.000233785	0.000177114	0.000191978	0.000171602	0.00381437	0.005176504	0.000619477	0.015244937	0.000495855	0.006709759	0.000977791	0.00116177	0.001055991	0.000899181	0.004908445	0.000658799	3.69289E-07	4.36991E-07	3.5743E-07	3.13613E-07	5.25601E-07	3.35008E-07	no-sig
d_Bacteria;p_Patescibacteria;c_JAEDAM01;o_BD1_5;f_UBA6164;g_JABWCI01	0.000645119	0.000421857	0.000429155	0.000352229	0.000510724	0.000273297	0.002421661	0.00186889	0.001708204	0.001009895	0.000981415	0.001219613	3.97922E-05	4.42343E-05	5.46946E-05	3.48227E-05	3.38238E-05	3.09053E-05	1.1448E-05	1.88854E-05	1.38337E-05	4.90021E-06	0.000133152	7.08806E-06	no-sig
d_Bacteria;p_Patescibacteria;c_Saccharimonadia;o_Saccharimonadales;f_Nanosyncoccaceae;g_UBA2834	0.001516618	0.00220438	0.002570135	0.003124354	0.002581534	0.004946146	0.002621333	0.002307765	0.001589832	0.002111526	0.000748751	0.00152669	0.00038011	0.000428243	0.000471787	0.000323711	0.000232488	0.000800376	0.000116226	8.92988E-05	0.000162765	3.19102E-05	0.000697747	5.07537E-05	no-sig
d_Bacteria;p_Planctomycetota;c_Planctomycetia;o_Pirellulales;f_Thermoguttaceae;g_UBA8133	0.009809344	0.008183291	0.008447401	0.010900386	0.010351725	0.01333153	0.001894841	0.002518815	0.001643533	0.001768132	0.0034226	0.003406883	0.000470352	0.000472936	0.000714707	0.000366165	0.000534085	0.000652241	1.18407E-06	1.60054E-06	1.44647E-06	6.46827E-07	1.72153E-06	3.0327E-06	Peri
d_Bacteria;p_Planctomycetota;c_Planctomycetia;o_Pirellulales;f_Thermoguttaceae;g_WRKP01	0.018561524	0.022009261	0.015231021	0.018652735	0.019027913	0.022725007	0.009286418	0.013069879	0.004420835	0.007636634	0.009895189	0.010966146	0.000337641	0.00038053	0.00050665	0.000251895	0.000334676	0.000520027	8.49365E-06	9.77701E-06	7.19328E-06	2.09729E-05	7.42697E-06	4.79326E-05	Peri
d_Bacteria;p_Planctomycetota;c_Planctomycetia;o_Pirellulales;f_Thermoguttaceae;g_WRMR01	0.000592639	0.000694109	0.00137309	0.001582671	0.001623159	0.001500367	0.000701328	0.000755191	0.001355312	0.000517672	0.000744195	0.00110017	0.001847637	0.002498061	0.001618225	0.001101828	0.001825588	0.002962798	2.54985E-06	3.22741E-06	3.47377E-06	4.41019E-07	4.34192E-06	3.98483E-06	no-sig
d_Bacteria;p_Planctomycetota;c_Planctomycetia;o_Pirellulales;f_Thermoguttaceae;g_unclassify_f_Thermoguttaceae	0.001988174	0.002060552	0.00195875	0.002379705	0.002322683	0.003139614	0.000959016	0.001184406	0.000485978	0.000653381	0.001081609	0.001428599	0.000416055	0.000442537	0.000522652	0.000263295	0.000354537	0.000566234	0	0	0	0	0	0	no-sig
d_Bacteria;p_Planctomycetota;c_SZUA_567;o_SZUA_567;f_SZUA_567;g_JAJBSZ01	0.073729689	0.040271932	0.031955202	0.017769653	0.020061701	0.017326169	0.018987309	0.057807883	0.030806668	0.041987605	0.036704251	0.033097736	0.016224217	0.016686244	0.01724754	0.020160692	0.010096367	0.012821368	0.034969162	0.026286776	0.018620953	0.03432088	0.028643232	0.080650829	Peri
d_Bacteria;p_Pseudomonadota;c_Alphaproteobacteria;o_Rs_D84;f_Rs_D84;g_Enterousia	0.000470144	0.000574111	0.000703943	0.000598717	0.000727849	0.000634577	0.000191828	0.000384678	0.000194601	0.00032884	0.000277661	0.000202063	0.001510384	0.001743226	0.002205796	0.001391288	0.000392164	0.000737284	8.58392E-05	0.000143944	0.00015374	3.20033E-05	0.000181805	2.98421E-05	no-sig
d_Bacteria;p_Pseudomonadota;c_Alphaproteobacteria;o_Rs_D84;f_Rs_D84;g_JAIRLB01	0.000714508	0.000712161	0.000837722	0.000943056	0.001245356	0.000938156	0.000945342	0.001435371	0.000687507	0.001401064	0.000999428	0.000467341	0.000232579	0.000259318	0.000331089	0.000152895	5.38552E-05	0.000158645	0.000108407	0.000209577	0.0001377	4.31512E-05	0.000310988	7.93087E-05	no-sig
d_Bacteria;p_Pseudomonadota;c_Gammaproteobacteria;o_Burkholderiales;f_Burkholderiaceae;g_Oxalobacter	0.001807653	0.002429437	0.00151209	0.000894375	0.00114692	0.00109012	0.001477313	0.001420715	0.001438421	0.001375016	0.002080632	0.001804202	0.000419537	0.000277622	0.000301901	0.000361593	0.000233011	0.000319476	0.002160061	0.001357425	0.001507986	0.000498635	0.001489074	0.002156224	no-sig
d_Bacteria;p_Pseudomonadota;c_Gammaproteobacteria;o_Burkholderiales;f_Rhodocyclaceae;g_Azoarcus	2.01153E-06	1.82009E-06	2.7004E-06	1.54032E-06	1.8343E-06	2.20002E-06	0.015834271	0.000103939	0.000211016	0.000175291	7.58678E-05	4.96907E-05	0	0	0	0	0	0	3.0481E-07	1.79008E-07	2.68072E-07	9.3104E-08	3.58018E-07	6.61199E-07	no-sig
d_Bacteria;p_Pseudomonadota;c_Gammaproteobacteria;o_Enterobacterales;f_Aeromonadaceae;g_Aeromonas	2.9527E-07	6.2692E-07	6.03221E-07	3.98228E-07	6.78344E-07	5.90691E-07	0.002178803	0.002242991	0.001311454	0.006854125	0.000274033	0.000617582	6.63447E-06	6.75635E-06	1.52707E-05	5.42228E-06	6.10977E-06	7.37634E-06	8.14195E-06	3.92239E-06	3.84237E-06	1.37696E-06	6.10916E-06	7.52004E-06	no-sig
d_Bacteria;p_Pseudomonadota;c_Gammaproteobacteria;o_Enterobacterales;f_Enterobacteriaceae;g_Enterobacillus	0.000217868	0.000214906	0.000239366	0.000224458	0.000229509	0.000216145	0.000582035	0.000454759	0.000355281	0.000434309	0.000357255	0.000301767	0	0	0	0	0	0	0.009479455	0.000235085	0.002860327	0.001333322	0.005780836	0.00833605	no-sig
d_Bacteria;p_Pseudomonadota;c_Gammaproteobacteria;o_Enterobacterales;f_Enterobacteriaceae;g_Enterobacter	0.00036578	0.000393679	0.000412231	0.000362748	0.000394256	0.000371936	0.004803545	0.005231602	0.001698559	0.004618363	0.002571935	0.001365689	2.28659E-05	6.68387E-06	1.13301E-05	1.32979E-05	1.20552E-05	6.76255E-06	6.10793E-05	4.1909E-06	1.77766E-05	2.2884E-06	1.63622E-05	1.80728E-05	no-sig
d_Bacteria;p_Pseudomonadota;c_Gammaproteobacteria;o_Enterobacterales;f_Enterobacteriaceae;g_Klebsiella	1.14094E-05	1.12037E-05	1.3626E-05	3.19183E-05	2.32437E-05	1.91975E-05	0.001120944	0.002830221	0.00044633	0.002399337	0.000577471	0.000333723	0.000462752	0.000288051	0.000159804	0.000251816	0.000186996	0.000548127	0.009435773	0.000511964	0.003148796	0.000393443	0.002261411	0.001889655	no-sig
d_Bacteria;p_Pseudomonadota;c_Gammaproteobacteria;o_Enterobacterales;f_Enterobacteriaceae;g_Yersinia	3.5986E-06	2.31893E-06	3.46148E-06	1.27733E-06	5.57903E-06	1.97701E-06	0	0	0	0	0	0	0.002030418	0.002816197	0.000258975	0.005204357	0.001881709	0.002887543	2.12429E-05	1.99278E-05	1.40794E-05	3.31842E-05	1.82437E-05	0.000291377	no-sig
d_Bacteria;p_Pseudomonadota;c_Gammaproteobacteria;o_Pseudomonadales;f_Pseudomonadaceae;g_Entomomonas	3.69641E-05	1.79717E-05	1.34907E-05	2.40815E-05	1.82807E-05	1.21333E-05	0.000388479	0.000266815	0.000208528	0.00017	0.000142995	0.000158466	0.000633566	0.000199228	0.000553586	0.000170351	0.000103033	0.000462012	0.00085848	0.000581493	0.001556512	0.005075513	0.001561203	0.000343691	no-sig
d_Bacteria;p_Pseudomonadota;c_Gammaproteobacteria;o_Pseudomonadales;f_Pseudomonadaceae;g_Pseudomonas	0.000648561	0.00065619	0.000745976	0.000755807	0.000683397	0.000687625	0.000136559	5.37057E-05	0.000269553	9.39738E-05	1.55392E-05	1.35012E-05	0.016578294	0.028799649	0.001061553	0.001320039	0.002751832	0.001380351	3.03052E-06	1.79008E-06	1.82066E-06	2.13159E-06	5.93396E-06	6.5062E-06	Esin
d_Bacteria;p_Pseudomonadota;c_Gammaproteobacteria;o_Xanthomonadales;f_Xanthomonadaceae;g_Stenotrophomonas	0.000327957	0.000326828	0.000345522	0.000338291	0.000363211	0.000364999	0.003290142	0.002486034	0.000981487	0.00084309	0.002059603	0.000293334	1.59827E-05	2.48914E-05	4.09873E-06	4.27776E-06	4.64835E-06	2.77286E-06	5.45727E-06	9.68751E-07	2.01054E-06	6.17426E-07	2.33093E-06	2.92691E-06	no-sig
d_Bacteria;p_Spirochaetota;c_Spirochaetia;o_CADAEX01;f_CADAEX01;g_WQTU01	0.000594134	0.000802546	0.00102011	0.000724549	0.000936135	0.000874807	0.000359402	0.000442067	0.000358327	0.000550993	0.001177728	0.000696504	0.000885888	0.000738431	0.0007353	0.000412903	0.000892331	0.00102515	9.53704E-06	2.67459E-06	2.55227E-06	9.4427E-06	3.21455E-06	1.02883E-05	no-sig
d_Bacteria;p_Spirochaetota;c_Spirochaetia;o_Sphaerochaetales;f_Sphaerochaetaceae;g_Spiro_02	0.000205097	0.000453466	0.00030846	0.000395583	0.000950221	0.000616428	2.75527E-06	7.86694E-06	1.78916E-06	4.28547E-06	3.84004E-06	6.93492E-06	0.000917751	0.002505791	0.003686819	0.000680975	0.001078189	0.000600068	6.28964E-06	4.03295E-06	3.60222E-06	2.75392E-06	3.9382E-06	6.5062E-06	no-sig
d_Bacteria;p_Synergistota;c_Synergistia;o_Synergistales;f_Synergistaceae;g_JAJDHV01	0.01252905	0.006239696	0.007153153	0.012070575	0.008953506	0.010622543	0.001553127	0.001827681	0.001441567	0.002449287	0.00157883	0.001748435	0.002309797	0.003354208	0.005074151	0.002763243	0.001742106	0.002460732	0.000322876	7.04082E-05	8.73749E-05	0.000120236	0.000119875	0.000522665	no-sig
d_Bacteria;p_Synergistota;c_Synergistia;o_Synergistales;f_Synergistaceae;g_JAJDJB01	0.000390153	0.000540041	0.002475655	0.000964989	0.000717639	0.000864561	0.003337492	0.001203262	0.000172568	0.000518293	0.00022538	0.000162153	0.002226475	0.001500449	0.002567684	0.001015366	0.005271258	0.002929125	1.00411E-05	4.28567E-06	4.0881E-06	3.78296E-06	4.85229E-06	1.27744E-05	no-sig
d_Bacteria;p_Synergistota;c_Synergistia;o_Synergistales;f_Synergistaceae;g_unclassify_f_Synergistaceae	0.000965584	0.000600158	0.000808503	0.001072698	0.001009638	0.001059736	0.00010917	0.000151852	0.000109379	0.000240129	0.000134062	0.000139349	0.000303628	0.000809368	0.000643957	0.000389713	0.000313969	0.00040796	0.001363937	0.000428377	0.000439186	0.000563088	0.000641576	0.003026954	no-sig
d_Bacteria;p_Verrucomicrobiota;c_Kiritimatiellia;o_LD1_PB3_B;f_Lenti_01;g_Lenti_01	0.000624473	0.001684137	0.001377431	0.001968358	0.002043323	0.001986609	1.46267E-06	3.00648E-06	1.158E-06	2.1463E-06	1.27687E-06	2.66107E-06	0.001054917	0.000722865	0.00144879	0.000609397	0.004979761	0.000751725	0	0	0	0	0	0	no-sig
d_Bacteria;p_Verrucomicrobiota;c_Lentisphaeria;o_Victivallales;f_Victivallaceae;g_UBA5239	0.000329812	0.000366735	0.000823149	0.000371659	0.000344695	0.000378265	0.000440938	0.001181961	0.000449277	0.000391711	0.00059645	0.000866289	0.002081526	0.001419058	0.002813309	0.001441635	0.00176965	0.002720498	0.000298896	0.000312085	0.000272568	0.000128229	0.000358536	0.000344441	no-sig
d_Bacteria;p_Verrucomicrobiota;c_Verrucomicrobiae;o_Verrucomicrobiales;f_Akkermansiaceae;g_Akkermansia	0.000540303	0.000569554	0.0006315	0.000573336	0.000604335	0.00044523	0.001468747	0.004671591	0.003225124	0.001175432	0.003358059	0.002627776	0.005704166	0.017489291	0.006499894	0.007178316	0.008134984	0.00545226	0.005146614	0.00562958	0.004903665	0.000833555	0.006345461	0.001437492	Esin
d_Bacteria;p_unclassify_d_Bacteria;c_unclassify_d_Bacteria;o_unclassify_d_Bacteria;f_unclassify_d_Bacteria;g_unclassify_d_Bacteria	0.006082302	0.004669221	0.004725564	0.005739847	0.005265649	0.005363409	0.002307906	0.002436593	0.001902878	0.00217359	0.003913884	0.002959886	0.005626088	0.004440426	0.004831506	0.005259719	0.003998342	0.003995933	0.001884829	0.001812944	0.001675101	0.000983829	0.001770598	0.003179171	no-sig
d_Bacteria;p_Pseudomonadota;c_Gammaproteobacteria;o_Enterobacterales;f_Enterobacteriaceae;g_Pseudocitrobacter	0	0	0	0	0	0	0.010109657	0.00208247	0.000878164	0.002672374	0.000741297	0.000593339	0.004680219	0.003144125	0.001782233	0.002397174	0.004939323	0.018138243	0.000433247	5.85147E-05	0.000292288	3.23071E-05	0.000149096	0.000144706	no-sig
d_Bacteria;p_Fibrobacterota;c_Fibrobacteria;o_Fibrobacterales;f_Fibrobacteraceae;g_CAIRAY01	0	0	0	0	0	0	0.001841198	0.002498426	7.51708E-05	0.007401382	0.000190598	0.003207642	0	0	0	0	0	0	7.50302E-07	6.79179E-07	6.53427E-07	5.39023E-07	3.73253E-07	7.05279E-07	no-sig
d_Bacteria;p_Pseudomonadota;c_Gammaproteobacteria;o_Burkholderiales;f_Rhodocyclaceae;g_Parazoarcus	0	0	0	0	0	0	0.032198097	0.000196082	0.000413155	0.000339158	0.000129906	8.96356E-05	2.01302E-05	9.0192E-06	0.000137214	8.4932E-06	9.24389E-06	8.59856E-06	0	0	0	0	0	0	no-sig
d_Bacteria;p_Actinomycetota;c_Actinomycetes;o_Mycobacteriales;f_Mycobacteriaceae;g_Mycobacterium	0	0	0	0	0	0	5.23841E-07	5.56198E-07	7.51134E-07	5.91837E-07	1.43236E-06	9.15824E-07	0.002230352	0.002397746	0.003630695	0.001579645	0.004714887	0.007408644	7.97196E-07	5.15965E-07	4.24448E-07	8.33035E-08	1.15785E-06	3.70272E-07	no-sig
d_Bacteria;p_Actinomycetota;c_Actinomycetes;o_Mycobacteriales;f_Mycobacteriaceae;g_Tsukamurella	0	0	0	0	0	0	0	0	0	0	0	0	0.001548962	0.001372191	0.00157325	0.001295936	0.002262446	0.006873127	0	0	0	0	0	0	no-sig
d_Bacteria;p_Bacillota_I;c_Bacilli_A;o_ML615J_28;f_CAG_313;g_HGM10611	0	0	0	0	0	0	0	0	0	0	0	0	0.000796751	0.001137345	0.003964139	0.000464622	0.000845695	0.005607196	0	0	0	0	0	0	no-sig
d_Bacteria;p_Pseudomonadota;c_Gammaproteobacteria;o_Enterobacterales;f_Enterobacteriaceae;g_Serratia	0	0	0	0	0	0	0.001283553	0.000684454	0.000446377	0.000584914	0.000498875	0.00038941	0.005385623	0.001979054	0.001629467	0.000396654	0.00081034	0.002031914	0.011505645	0.000219164	0.000937449	0.000123471	0.000989981	0.000361465	no-sig
d_Bacteria;p_Actinomycetota;c_Actinomycetes;o_Actinomycetales;f_Dermatophilaceae;g_Flexivirga	0	0	0	0	0	0	0	0	0	0	0	0	0.0059187	0.005238053	0.004714727	0.003916988	0.007543182	0.009098016	0	0	0	0	0	0	Esin
d_Bacteria;p_Actinomycetota;c_Actinomycetes;o_Mycobacteriales;f_Mycobacteriaceae;g_Gordonia	0	0	0	0	0	0	3.44919E-06	3.85831E-06	3.12972E-06	1.6329E-06	2.11084E-06	2.13116E-06	0.005379691	0.005567206	0.007724582	0.006237338	0.010058341	0.011636329	1.00822E-06	9.63486E-07	6.53427E-07	3.57715E-07	6.32245E-07	2.06294E-06	Esin
