Gene	KO	Symbol	Full_name	ETC	wild01	wild02	wild03	wild04	wild05	wild06	wild07	wild08	wild09	wild10	lab01	lab02	lab03	lab04	lab05	lab06	lab07	lab08	lab09	lab10	fam01	fam02	fam03	fam04	fam05	fam06	fam07	fam08	fam09	fam10	res01	res02	res03	res04	res05	res06	res07	res08	res09	res10	hos01	hos02	hos03	hos04	hos05	hos06	hos07	hos08	hos09	hos10
Pame_11949.t1	K03945	NDUFA1	NADH dehydrogenase	Complex I	11.21882959	10.96664243	10.61803672	10.42199116	10.38859855	11.00213288	10.79290414	10.4415644	10.49005863	10.49822094	11.42923411	11.19452295	11.18697465	11.12166949	10.87027994	11.51124367	11.33280302	11.17010032	11.3755988	11.1121658	11.36020513	11.01391582	11.3408849	11.17315242	11.5764749	11.47910826	11.32784452	11.68223091	11.79656693	11.40796345	11.29658933	11.66982845	11.67374632	11.17484456	11.54632055	11.26637663	11.24322755	11.79479355	11.64709411	11.67391412	11.53814042	11.91123468	11.77076299	11.78172034	11.85922028	11.26992146	11.55498688	12.41619056	11.79222498	11.93396353
Pame_05308.t1	K03949	NDUFA5	NADH dehydrogenase	Complex I	10.71596199	10.25117467	10.00316651	9.737281149	9.828163465	10.08088413	10.27548436	9.70082115	9.805535916	9.873980794	10.06785111	10.24476816	10.41199816	10.25297286	10.62105367	10.47482133	10.60509981	10.66605531	10.50314994	10.36923745	10.70711751	10.60006157	10.48567839	10.42042345	10.40741649	10.44554256	10.64707162	10.53861576	11.08847025	10.62199689	10.62485028	10.88153462	10.84580365	10.78206449	10.55795186	10.63109519	10.50881487	10.65380346	10.98218076	10.75652297	10.823622	10.88935185	10.91031293	10.81989167	11.06221482	10.57838213	10.64458637	11.15980197	10.72297825	10.80147395
Pame_01014.t1	K03950	NDUFA6	NADH dehydrogenase	Complex I	10.71596199	10.25117467	10.00316651	9.737281149	9.828163465	10.08088413	10.27548436	9.70082115	9.805535916	9.873980794	10.06785111	10.24476816	10.41199816	10.25297286	10.62105367	10.47482133	10.60509981	10.66605531	10.50314994	10.36923745	10.70711751	10.60006157	10.48567839	10.42042345	10.40741649	10.44554256	10.64707162	10.53861576	11.08847025	10.62199689	10.62485028	10.88153462	10.84580365	10.78206449	10.55795186	10.63109519	10.50881487	10.65380346	10.98218076	10.75652297	10.823622	10.88935185	10.91031293	10.81989167	11.06221482	10.57838213	10.64458637	11.15980197	10.72297825	10.80147395
Pame_11144.t1	K03952	NDUFA8	NADH dehydrogenase	Complex I	10.40484353	10.45643656	9.810052621	10.41528755	10.09390608	10.49113157	9.895242023	10.2309571	10.36568816	10.00746183	8.240314329	10.4319363	10.46355503	10.42118121	9.569475902	10.87425137	10.46684121	9.859840686	10.33748811	9.973611276	10.19416587	10.20132755	10.70375653	10.7966967	11.14772644	10.724727	10.46600506	10.82985749	10.55119876	10.57680554	10.63723166	10.85370722	11.05627869	10.1800832	10.98894026	10.3971933	10.47006907	11.26818523	10.93738853	11.03152891	10.80551012	10.93875626	11.00744782	10.92459727	10.90671025	10.43687808	10.83098256	11.54349105	11.2155876	11.23735339
Pame_13870.t1	K03953	NDUFA9	NADH dehydrogenase	Complex I	5.090760296	5.61079749	5.088675892	4.478758296	4.574162073	5.74222993	5.011142257	4.646744458	4.843220099	4.714816987	4.729384183	4.485008127	4.293760389	4.224186945	4.370373554	4.499023077	4.503971987	4.637726158	4.310318306	4.436861425	4.849308762	5.128936729	4.474195899	4.761646966	4.578504028	4.747731113	4.526319258	4.603252457	4.253792659	4.561112252	4.516588832	5.1562793	5.090455449	4.683679613	4.999165701	4.545610121	4.691534165	5.164005841	5.347134114	5.183712786	4.941458488	5.218316207	5.007783047	4.877356535	5.453948809	4.73978331	4.966144336	5.848765638	5.387314285	5.590554116
Pame_06572.t1	K03954	NDUFA10	NADH dehydrogenase	Complex I	9.740608867	9.326436229	8.666717542	8.692911856	8.685435621	9.130431563	9.103683839	8.69131431	8.821885567	8.739301319	10.65871134	10.59034377	10.79609641	10.63674242	10.98696549	10.8976186	10.96197777	10.73641884	10.79683458	10.74914874	11.01871484	10.83132308	10.89214054	10.80013144	10.85274016	10.7964047	10.97638512	10.80521989	11.39238183	10.96210795	10.88543709	11.14061891	11.22004573	10.59436193	10.93169044	10.86361329	10.68149319	11.03247971	11.462083	11.19273049	11.09905188	11.35948054	11.28724487	11.08186287	11.59572369	10.8783805	10.98263713	12.01721207	11.31040261	11.43864633
Pame_08734.t1	K11352	NDUFA12	NADH dehydrogenase	Complex I	7.299656787	7.084904033	6.839720294	6.569384757	6.527225197	6.958842675	7.029552272	6.636962418	6.813973538	6.590455311	6.771634722	6.640409806	6.501690719	6.46224868	6.860739376	6.840639469	6.739659115	7.10137694	6.65649208	6.701368847	6.994919089	6.937532721	6.384937399	6.818646083	6.82279387	6.737389324	6.767416448	6.808140462	6.561280307	6.699995744	6.802916968	7.626336918	7.397332367	6.554986305	7.032144935	6.483627167	6.776577788	7.033731331	7.37659427	7.234271378	6.993764924	7.566594472	7.176791493	7.002601267	7.622930351	6.248690421	6.957009149	7.770419432	7.495087517	7.744531142
Pame_14982.t1	K11353	NDUFA13	NADH dehydrogenase	Complex I	7.299656787	7.084904033	6.839720294	6.569384757	6.527225197	6.958842675	7.029552272	6.636962418	6.813973538	6.590455311	6.771634722	6.640409806	6.501690719	6.46224868	6.860739376	6.840639469	6.739659115	7.10137694	6.65649208	6.701368847	6.994919089	6.937532721	6.384937399	6.818646083	6.82279387	6.737389324	6.767416448	6.808140462	6.561280307	6.699995744	6.802916968	7.626336918	7.397332367	6.554986305	7.032144935	6.483627167	6.776577788	7.033731331	7.37659427	7.234271378	6.993764924	7.566594472	7.176791493	7.002601267	7.622930351	6.248690421	6.957009149	7.770419432	7.495087517	7.744531142
Pame_01997.t3	K03955	NDUFAB1	NADH dehydrogenase	Complex I	10.01167453	10.02404536	9.569834727	10.51901698	10.22937162	10.04492683	9.696525959	10.4523854	10.30214766	10.14405912	8.829656148	9.815858778	9.893010232	9.7794518	9.081350281	10.20644055	9.85695302	9.055965656	9.692148185	9.523516871	9.327379735	9.723927106	10.07993805	9.852966387	10.38046107	10.08561851	9.759398882	10.14801891	9.912202246	9.779648778	9.806502901	9.977480284	10.17592374	9.44143783	9.907734926	9.56200959	9.290058025	10.20190336	9.744808615	10.29672123	9.793361079	9.56517064	9.972965431	9.838819438	9.57886137	9.770663893	9.944401676	10.18904618	9.937968138	10.0685902
Pame_14490.t1	K03960	NDUFB4	NADH dehydrogenase	Complex I	8.167453272	7.990909492	7.724582064	7.745075948	7.601518248	7.918356417	7.868390453	7.746950926	7.793414731	7.748810057	7.966989874	7.48516918	7.365010077	7.613980952	7.345210065	7.752427481	7.615548719	7.8494614	7.602832459	7.742565443	7.94161694	7.822277642	7.783220901	7.927226848	7.919030151	8.021718454	7.843738937	8.133173044	8.286677885	7.767979156	7.827793625	8.736012876	8.405822221	7.846969623	7.988071127	7.410527671	7.55243087	8.439830884	8.539907112	8.470780873	8.109783652	8.423662202	8.619137857	8.398671021	8.687655621	7.930441673	8.156583697	8.780874362	8.502955089	8.632555417
Pame_12605.t1	K03961	NDUFB5	NADH dehydrogenase	Complex I	7.858453525	7.924390914	7.725727526	7.489928219	7.385776138	7.984401369	7.721030813	7.366191054	7.58536069	7.416991703	8.084372591	7.613502186	7.84018625	7.720025315	7.580899204	7.72572071	7.821340311	7.938332846	7.71059294	7.662675496	8.208234358	7.737585369	7.873401046	7.716058052	7.842054859	7.950176766	8.036860447	8.01341201	8.241048848	8.076398758	7.723845215	8.055076321	8.237515918	7.60086441	8.110076087	7.69950999	7.744820386	8.201535849	8.32038539	8.021995994	8.063513728	8.310099227	8.181793312	8.498214959	8.334134708	7.772717054	7.954865147	8.697603562	8.225973778	8.192139905
Pame_05307.t1	K03962	NDUFB6	NADH dehydrogenase	Complex I	11.69432306	11.59412396	11.27362661	11.01997289	11.1237787	11.5746834	11.36500461	11.0907476	11.02507726	11.14758654	12.04585179	11.29045666	11.66985502	11.3675458	11.30636364	11.65809096	11.61832585	11.57570941	11.49902368	11.50904754	11.76719958	11.52002439	11.65026194	11.53648036	11.77680723	11.66971775	11.65006892	11.69724995	12.06477981	11.68648302	11.6609541	11.97600913	12.04167968	11.4793862	11.74256629	11.60189611	11.57528396	11.96589609	11.94387738	11.88866716	11.8477151	11.95859259	11.99548099	11.96543078	12.15279819	11.40864287	11.77276406	12.03800673	12.0234321	11.99359299
Pame_07607.t1	K03963	NDUFB7	NADH dehydrogenase	Complex I	5.291452533	5.698210142	4.928829828	5.027875042	4.798418661	5.775205973	5.074192853	4.893862116	4.94425876	4.697273415	5.873229999	5.409007298	5.304459933	5.49676272	5.293605911	5.43972286	5.686623781	5.613967696	5.423215099	5.497481438	5.597319611	5.587803014	5.540665873	5.33239645	5.521053879	5.592292576	5.494751603	5.654074593	5.957222793	5.583076748	5.606181619	5.900671216	5.813991489	5.378109277	5.659447957	5.466105019	5.497315366	5.695406486	5.90639278	5.844197319	5.609288091	5.855785434	5.723714181	5.786175514	6.005298924	5.309896482	5.596270276	6.349037902	5.974572905	6.046148331
Pame_21825.t1	K03965	NDUFB9	NADH dehydrogenase	Complex I	7.298878222	7.043792871	7.211693651	7.033797393	7.306654144	7.264958594	7.286687125	7.474792941	7.249198803	7.105908509	8.792839088	8.504159546	8.504707778	7.348869762	8.258292779	8.484335537	8.660880141	7.689138386	7.533851422	8.179311989	7.448405435	7.110968694	7.384990914	7.191533042	7.217715411	7.385698498	7.506375028	7.396159489	8.064899015	7.248610734	7.390401145	7.528469739	7.671335837	7.356716055	7.335309955	7.352943863	7.162361115	7.693863264	8.105096601	7.628868353	7.533033765	7.803846973	7.772314574	7.596376139	8.11653111	7.019168143	7.345937427	8.203132623	7.696856278	7.808951308
Pame_07583.t1	K03966	NDUFB10	NADH dehydrogenase	Complex I	6.590447826	7.337149102	7.458644479	7.682826084	6.285810925	7.762707584	7.628212211	6.857694915	7.15626514	6.697634836	8.179625498	8.198445041	7.427740246	7.575198859	7.584616814	8.275700842	7.85410165	7.750479218	7.536231671	7.644425942	6.933336576	7.689760414	7.746742716	7.71150179	7.968125321	8.127261829	7.312374747	7.890975568	7.981761341	7.243021612	7.757736681	8.201472137	8.403808802	7.947490835	7.956178654	7.441948191	7.313463546	8.374404854	8.168747322	8.343838612	7.853409371	8.023715548	8.421134917	8.816858862	8.057932173	8.222519618	7.802115651	8.506343288	8.308662121	8.352573163
Pame_02336.t1	K03968	NDUFC2	NADH dehydrogenase	Complex I	4.560433724	5.777851013	5.79482912	5.850231853	5.137769906	6.332161897	5.874836303	5.519189617	5.662265326	5.539012983	6.041902227	6.432817468	5.508799421	6.00495076	5.85564592	6.509855745	5.692443937	6.089222704	6.232670349	5.876534136	5.924194922	5.793360103	5.895322012	6.048885706	6.495471323	6.391247027	5.853287096	6.199464268	5.335397501	5.938248148	6.005754779	6.235939543	6.370073586	5.806702986	6.645557566	5.698229593	6.012459171	6.75281548	6.317331205	6.458329503	6.186062723	6.545931313	6.133468998	6.520744383	6.124516318	5.864272828	6.358834026	6.53906418	6.569545775	6.657771465
Pame_08042.t1	K03934	NDUFS1	NADH dehydrogenase	Complex I	8.640971524	9.30317341	9.257112007	8.806478734	8.477705657	9.429954841	8.99022312	8.702099943	8.974397381	8.73696334	9.614641756	8.971868267	8.882166148	9.010693136	9.14786124	9.022889309	8.954458066	9.415086809	8.932775773	9.09496969	9.42840205	9.395463445	8.784049143	9.027079389	9.061954364	9.128775408	9.198334533	9.151721853	8.946646069	9.028696222	8.893516933	9.313263994	9.209441181	8.791849878	9.17210743	8.886077585	8.960291601	9.20851726	9.218473633	9.145506787	8.918717172	9.341514376	9.007551533	8.881710498	9.323034488	8.59318194	9.244183041	9.79608667	9.089122047	9.255713156
Pame_07247.t1	K03936	NDUFS3	NADH dehydrogenase	Complex I	5.299955278	5.996246368	5.881586316	6.129202636	5.224414641	6.050061944	6.163842861	5.933456973	5.938488113	5.463243163	6.718005361	7.03390749	6.753631276	6.472006793	6.371175487	7.226595228	6.612202087	6.517135512	6.4571231	6.333073036	5.699201799	6.209279842	6.170387792	6.130986452	6.509155839	6.578612712	5.976223851	6.455159513	6.554880431	5.894851709	6.383928886	6.564844561	6.601858424	6.720866698	6.523579206	5.793682635	6.143011714	6.902483652	6.457548329	6.760806423	6.453013766	6.511044176	6.714547765	7.180147861	6.220571803	6.641683298	6.504658525	6.106289686	6.874907598	6.69668939
Pame_18170.t1	K03937	NDUFS4	NADH dehydrogenase	Complex I	6.991759914	7.541793588	7.431781728	7.040004716	6.844875206	7.706647964	7.355368717	6.929826497	7.012713919	7.074751602	7.530913484	6.905290722	6.796792405	6.989842922	6.906265292	7.092989644	6.975332116	7.180018532	6.951564483	6.903315499	7.2105155	7.093327765	6.908464679	6.934870291	7.148140974	7.250592139	7.162532318	7.17089649	7.428050243	7.017587912	7.002500007	7.391020132	7.36528135	7.357771911	7.329392731	6.987559628	7.092461173	7.479343752	7.364204708	7.41880556	7.228203009	7.417076119	7.261540218	7.703204545	7.470187049	7.034930986	7.289686943	7.552676782	7.362627686	7.412400482
Pame_21108.t1	K03938	NDUFS5	NADH dehydrogenase	Complex I	9.286021705	10.14112365	10.05759919	10.48323133	10.4994174	10.33182388	9.941628677	10.5793348	10.38431968	10.5011505	8.261403878	9.707012222	9.984389975	9.586109813	9.133607191	10.11402859	9.459702099	9.209580083	9.574343754	9.465876541	9.412796342	9.652866479	9.959097792	9.96960237	10.33362499	10.10730863	9.74544576	9.853715013	9.339382387	9.716826319	9.673355015	9.791652931	9.882118755	9.895570738	10.35650699	9.832165321	10.05583825	10.58486857	9.384324	9.944717917	9.900644954	9.8509744	9.667134611	10.02335239	9.268036647	9.806449733	10.17261502	8.836369165	10.00016906	9.849450453
Pame_06200.t1	K03942	NDUFV1	NADH dehydrogenase	Complex I	8.64488014	9.138591795	9.267945384	9.153891449	8.671424302	9.396994299	9.53528121	8.935624753	9.147647589	8.992935505	9.754471666	9.820313012	9.476683433	9.526374037	9.267554525	9.745632311	9.56732868	9.40504145	9.382323569	9.353905475	9.094048647	9.188702576	9.330719726	9.423968876	9.453497002	9.515731372	9.367803495	9.586342545	9.708571798	9.288789959	9.359134582	9.708933847	9.774836466	9.260465607	9.466565946	9.430828858	9.164220604	9.836478049	9.878596611	9.895454106	9.5959903	9.767529007	9.856447317	9.776829431	9.964226776	9.403644795	9.428730745	10.21747308	9.795999038	9.926943802
Pame_00560.t1	K00331	nuoB	NADH dehydrogenase	Complex I	8.555927328	7.612993783	7.360381836	7.352281832	7.408958063	7.374926445	7.338780944	7.860857298	7.775353486	7.876756353	7.990013172	8.174456356	8.036019717	7.905561502	7.516842505	8.224199488	8.005776108	7.685947155	7.95675947	7.733123816	8.065933069	7.908692838	7.573753208	7.54095718	7.51613337	7.816516511	7.623186489	7.892336377	7.903170865	7.458464033	7.68069708	8.843450018	8.276957205	7.667203815	7.997207713	7.39301284	7.439648069	8.265713489	8.276687412	8.091340173	7.905489299	8.52826265	7.83355426	8.093248525	8.725734341	7.406068916	7.994613664	8.812113113	8.415606575	8.445751529
Pame_02198.t1	K00333	nuoD	NADH dehydrogenase	Complex I	8.555927328	7.612993783	7.360381836	7.352281832	7.408958063	7.374926445	7.338780944	7.860857298	7.775353486	7.876756353	7.990013172	8.174456356	8.036019717	7.905561502	7.516842505	8.224199488	8.005776108	7.685947155	7.95675947	7.733123816	8.065933069	7.908692838	7.573753208	7.54095718	7.51613337	7.816516511	7.623186489	7.892336377	7.903170865	7.458464033	7.68069708	8.843450018	8.276957205	7.667203815	7.997207713	7.39301284	7.439648069	8.265713489	8.276687412	8.091340173	7.905489299	8.52826265	7.83355426	8.093248525	8.725734341	7.406068916	7.994613664	8.812113113	8.415606575	8.445751529
Pame_09386.t1	K00334	nuoE	NADH dehydrogenase	Complex I	5.130889696	7.118847658	6.958088658	7.017676985	6.390107033	7.037920277	7.250251038	6.573213935	6.792269724	6.220892914	8.34630097	8.539279031	8.075013775	8.23503771	7.992745775	8.676669386	8.255151347	7.979065013	7.989689679	8.00086761	6.197088885	7.080753584	7.240018508	7.295171992	7.364782518	7.427555892	7.03892996	7.443556925	7.469877838	6.81292173	7.341807889	7.631184333	7.602646909	7.496502296	7.185589077	7.291143066	7.032817163	7.832630559	7.72867563	7.818825003	7.616085637	7.430987713	7.876946622	7.893344007	7.427597793	7.577813999	7.222109007	7.380538988	7.568146141	7.582277493
Pame_13461.t1	K00338	nuoI	NADH dehydrogenase	Complex I	6.40672373	6.673810795	6.686808643	6.819387178	5.805323414	7.048465077	6.910516817	6.521674241	6.631587429	6.27482819	7.59706182	7.881572857	7.467230564	7.539213105	7.337238322	7.919530776	7.561669813	7.454537838	7.474792941	7.278811829	6.537077037	6.755141287	6.935542253	6.900359663	7.239808534	7.123707577	6.716208994	7.196685723	7.212841667	6.914205719	6.93001581	7.321783818	7.389945332	7.291603558	7.229943554	6.737997654	6.903942082	7.730279916	7.372786722	7.469397617	6.934327778	7.278718922	7.512353322	7.888505824	7.309458164	7.064925952	7.279777706	7.481347384	7.446099047	7.423863858
Pame_21688.t1	K00234	SDHA	Succinate dehydrogenase	Complex II	6.56208975	6.761936786	6.42300999	6.055401751	6.32288897	6.654184892	6.524958499	6.151864904	6.152455217	6.324481208	5.742593736	6.101778222	6.006266602	6.07359533	5.620592275	6.232215601	6.308016777	5.944314991	6.059539151	5.774729087	6.054245058	6.153142598	6.302476254	6.225728015	6.41670634	6.549709211	6.193499734	6.392106156	6.554014729	6.429746504	6.312022526	6.707690431	6.673937964	6.406091031	6.719689993	6.245488057	6.363474236	6.937779866	6.606563632	6.632518339	6.621076023	6.632862914	6.666330536	6.975939656	6.995032192	6.585764777	6.465967936	7.160839534	6.728913667	6.899453603
Pame_01516.t1	K00235	SDHB	Succinate dehydrogenase	Complex II	6.56208975	6.761936786	6.42300999	6.055401751	6.32288897	6.654184892	6.524958499	6.151864904	6.152455217	6.324481208	5.742593736	6.101778222	6.006266602	6.07359533	5.620592275	6.232215601	6.308016777	5.944314991	6.059539151	5.774729087	6.054245058	6.153142598	6.302476254	6.225728015	6.41670634	6.549709211	6.193499734	6.392106156	6.554014729	6.429746504	6.312022526	6.707690431	6.673937964	6.406091031	6.719689993	6.245488057	6.363474236	6.937779866	6.606563632	6.632518339	6.621076023	6.632862914	6.666330536	6.975939656	6.995032192	6.585764777	6.465967936	7.160839534	6.728913667	6.899453603
Pame_09704.t1	K00236	SDHC	Succinate dehydrogenase	Complex II	3.868657137	4.934516502	3.29176709	4.907885712	3.843873327	5.151797946	3.513111704	4.418527302	4.798672679	3.544893359	3.471135424	4.254964344	4.453853357	4.738567899	3.288241901	4.532466583	4.630830622	4.480232803	4.738076042	3.847876677	4.417940255	4.436448377	4.793932288	4.365755517	4.844501152	5.08750103	4.57758593	5.250635718	5.128091271	4.292612443	4.825052902	5.193704731	4.844596558	4.027215991	4.640580441	4.215600947	4.671768908	5.371830649	5.060358723	4.937697489	4.809445315	4.42960927	4.726487937	4.669049449	3.501515577	4.255289223	5.05444912	3.345345275	5.174586185	5.133830636
Pame_17144.t1	K00237	SDHD	Succinate dehydrogenase	Complex II	5.215632007	5.7140449	5.06644659	5.3916715	5.222943632	5.920705372	5.128833651	5.301733957	5.498652979	5.174538249	5.56763975	5.950939593	6.097427499	6.266408018	5.554542807	6.325359429	6.005968061	5.932939904	5.930879235	6.063990374	6.00781892	6.315238341	5.910833378	6.274613904	6.464699303	6.532090936	6.294683234	6.354081848	5.885503594	6.042928821	6.122780379	6.451039627	6.586312892	6.356930808	6.667026362	5.97022786	6.246968562	6.807882955	6.495290627	6.63843881	6.285363377	6.6662169	6.361148976	6.637947813	6.314997358	6.184667104	6.531641902	6.448362482	6.657066872	6.607476795
Pame_08874.t1	K00413	CYT1	Cytochrome c reductase	Complex III	7.637008805	6.734465764	6.729620744	6.994138431	6.912661839	6.92865457	6.746648675	7.27490458	6.885391332	6.984315914	7.216396659	7.420457138	7.32914154	6.685701922	6.611989715	7.54100366	7.360855861	6.635056378	6.794688783	6.888840643	7.186807557	7.122496719	6.712045449	6.809131434	6.905832231	7.117674266	7.029110503	7.119906006	7.347027782	6.869303887	7.037129596	7.243697639	7.121999663	7.32361326	7.118837278	6.772967722	7.106557706	7.242202337	7.262433158	7.243945119	7.04220656	7.32641151	7.117497656	7.441309174	7.293664762	6.910624744	7.138230836	7.312320285	7.221413117	7.241868778
Pame_01725.t1	K00416	QCR6	Cytochrome c reductase	Complex III	7.637008805	6.734465764	6.729620744	6.994138431	6.912661839	6.92865457	6.746648675	7.27490458	6.885391332	6.984315914	7.216396659	7.420457138	7.32914154	6.685701922	6.611989715	7.54100366	7.360855861	6.635056378	6.794688783	6.888840643	7.186807557	7.122496719	6.712045449	6.809131434	6.905832231	7.117674266	7.029110503	7.119906006	7.347027782	6.869303887	7.037129596	7.243697639	7.121999663	7.32361326	7.118837278	6.772967722	7.106557706	7.242202337	7.262433158	7.243945119	7.04220656	7.32641151	7.117497656	7.441309174	7.293664762	6.910624744	7.138230836	7.312320285	7.221413117	7.241868778
Pame_06985.t1	K00417	QCR7	Cytochrome c reductase	Complex III	8.541108234	8.692130744	8.838712306	8.593137111	7.964375527	8.955132595	8.70993849	8.318868142	8.385547518	8.159311301	9.605225774	9.824454425	9.502457908	9.286241235	9.357332065	9.965500046	9.543008613	9.238428625	9.088409299	9.348347516	8.466553711	8.833399297	8.861704185	8.971908492	9.025416445	9.245093918	8.945004816	9.096325113	9.317116356	8.707283199	8.956030508	9.205470714	9.444348196	9.310769538	9.220184827	8.99279675	9.041708427	9.711713428	9.369490476	9.371153701	9.206357513	9.342270274	9.592124357	9.814079317	9.446463023	9.397120549	9.007918686	9.93066934	9.34613916	9.617112947
Pame_06240.t1	K00411	UQCRFS1	Cytochrome c reductase	Complex III	6.40672373	6.673810795	6.686808643	6.819387178	5.805323414	7.048465077	6.910516817	6.521674241	6.631587429	6.27482819	7.59706182	7.881572857	7.467230564	7.539213105	7.337238322	7.919530776	7.561669813	7.454537838	7.474792941	7.278811829	6.537077037	6.755141287	6.935542253	6.900359663	7.239808534	7.123707577	6.716208994	7.196685723	7.212841667	6.914205719	6.93001581	7.321783818	7.389945332	7.291603558	7.229943554	6.737997654	6.903942082	7.730279916	7.372786722	7.469397617	6.934327778	7.278718922	7.512353322	7.888505824	7.309458164	7.064925952	7.279777706	7.481347384	7.446099047	7.423863858
Pame_15419.t1	K02263	COX4	Cytochrome c oxidase	Complex IV	9.037077418	9.175217686	9.062947372	8.940251923	8.745768428	9.336325793	9.059917639	8.82642455	8.911730525	8.822899005	8.707317714	8.133989852	7.843607046	7.363670466	8.028558102	7.956434241	7.933643449	8.457339835	8.083484646	8.161026039	8.276338467	8.584203383	7.961582816	8.61459943	7.887165771	8.546886745	8.415860052	8.590515943	8.335908381	7.865560075	8.25432476	9.452648968	8.435536923	8.5288018	8.346917011	8.028861949	7.832655874	9.325424644	9.004133368	8.807544907	8.67497256	9.141046989	8.913428001	8.98572811	9.409925483	8.199677252	8.770713441	8.978647545	8.982306278	9.012621746
Pame_15495.t1	K02265	COX5B	Cytochrome c oxidase	Complex IV	7.13162035	8.058641195	7.499957472	7.581117709	7.316480666	8.283870855	7.439540031	7.537381495	7.580266106	7.404443353	7.238290084	7.220000977	7.247509831	7.393699343	6.812010399	7.470097547	7.144770391	7.12824184	7.114158769	7.253771863	7.293315301	7.54317879	7.142566604	7.391501382	7.629436768	7.589763487	7.408754313	7.563783529	6.904977757	7.297062992	7.317014574	7.643791267	7.702124191	7.540577539	7.786393795	7.224541981	7.38806035	7.962161461	7.514161721	7.756536308	7.476665208	7.840727578	7.34251919	7.924586879	7.507358595	7.253214025	7.681744409	7.762468415	7.780047576	7.814781113
Pame_12756.t1	K02266	COX6A	Cytochrome c oxidase	Complex IV	9.696835418	9.713346989	9.091813532	9.481866016	9.234113272	9.72187161	9.262256963	9.423760933	9.437271441	9.24339061	9.132052393	10.02385136	10.05623126	10.06027711	9.52487664	10.39108245	10.38644454	9.762315592	9.852184595	9.730998208	9.640664305	10.13017155	10.31177102	10.3460261	10.55534645	10.23052487	9.810513797	10.36312726	10.81875791	10.226954	10.31474184	10.65069277	10.53854786	10.27390048	10.37886922	10.13736263	9.870679119	10.57127862	10.76681046	10.73717973	10.46923479	10.53686885	11.14284737	10.5923636	10.67758752	10.11786384	10.23648066	11.00452948	10.84467438	10.98185265
Pame_18256.t1	K02267	COX6B	Cytochrome c oxidase	Complex IV	7.899012448	7.814890037	7.215154379	7.342314727	7.264498899	7.868680593	7.534450744	7.30603434	7.460152786	7.287915497	7.02462996	7.018233568	7.089815909	7.034721943	6.59325964	7.340473255	7.248923768	6.967468369	7.222456826	6.992711791	7.100420556	7.003073721	7.2773618	7.172897496	7.548159157	7.428804011	7.155577222	7.548459745	7.641155824	7.242450074	7.351831476	7.576915107	7.499184168	7.391002941	7.47801724	7.06355687	7.01143973	7.667501886	7.627993431	7.824926928	7.486119026	7.65727557	7.752701767	8.07683697	7.665108479	7.255302443	7.355809162	8.198297695	7.721851109	7.79895127
Pame_11635.t1	K02270	COX7A	Cytochrome c oxidase	Complex IV	8.23458275	8.41850622	7.607145341	7.580982089	7.712238089	8.681027527	7.810873637	7.583090291	7.223268078	7.861887147	6.837463945	8.052573485	7.904646663	8.189735623	7.167739267	8.421118081	8.085578682	7.531669971	8.0479691	7.415834706	7.632188225	8.158594542	8.398247747	8.272438501	8.632864367	8.43195301	8.159190184	8.469202227	8.566411813	7.975406639	8.433810747	8.614260772	8.679585659	8.561051137	7.905814184	8.219197568	8.065066022	8.673906173	8.707145128	8.739459975	8.38610822	8.464884688	9.029008325	8.808960958	8.373265391	8.787419404	8.252556635	8.272821043	8.522452065	8.40935699
Pame_08047.t1	K02272	COX7C	Cytochrome c oxidase	Complex IV	10.25331568	10.31113524	10.26443087	9.687016934	9.549434298	10.32614856	10.25063003	9.681340328	9.866954329	9.767797128	11.56947115	10.54218065	10.74373206	10.55413794	10.95285771	10.73230312	10.74862895	11.1332771	10.77070518	10.78371037	11.23234897	10.91508015	10.58827427	10.59221408	10.70017092	10.73405755	10.88967127	10.7612354	11.09060867	10.79878769	10.71456322	11.12227798	11.09559482	10.72886436	10.90961562	10.82219637	10.91144442	10.91715573	11.21959207	10.89170777	10.84672836	11.29839484	11.02684846	10.96955201	11.38519913	10.58227373	10.9470159	11.62323222	10.99720771	11.17233374
Pame_18861.t1	K02257	COX10	Cytochrome c oxidase	Complex IV	6.182442029	6.308945108	5.887588631	6.156026429	5.763382359	6.380305207	6.189875942	5.80031494	6.102572054	5.851316793	5.289875031	5.207389226	5.244723453	5.344927892	4.277679816	5.416539149	5.489048337	5.452153914	5.230560414	5.011473275	5.195095577	5.349351122	5.263556537	5.292402624	5.698104547	5.724914887	5.532862387	5.641008386	5.940735258	5.178973522	5.526222215	5.912877364	5.819732041	5.883053792	5.607951649	5.141396004	5.46261842	6.01509386	5.729153024	6.153647279	5.625156496	5.79208748	5.963087966	6.423853776	5.426593518	5.525010197	5.378743962	5.679570177	6.017354069	5.713981686
Pame_08737.t1	K02258	COX11	Cytochrome c oxidase	Complex IV	6.182442029	6.308945108	5.887588631	6.156026429	5.763382359	6.380305207	6.189875942	5.80031494	6.102572054	5.851316793	5.289875031	5.207389226	5.244723453	5.344927892	4.277679816	5.416539149	5.489048337	5.452153914	5.230560414	5.011473275	5.195095577	5.349351122	5.263556537	5.292402624	5.698104547	5.724914887	5.532862387	5.641008386	5.940735258	5.178973522	5.526222215	5.912877364	5.819732041	5.883053792	5.607951649	5.141396004	5.46261842	6.01509386	5.729153024	6.153647279	5.625156496	5.79208748	5.963087966	6.423853776	5.426593518	5.525010197	5.378743962	5.679570177	6.017354069	5.713981686
Pame_12736.t1	K02259	COX15	Cytochrome c oxidase	Complex IV	12.32701083	12.17251814	12.10689005	11.5580332	11.41930186	12.10897196	12.17623238	11.51621218	11.67748182	11.61120005	12.91012364	12.20711806	12.28606966	11.9753142	12.52686109	12.22179856	12.25555384	12.50978243	12.37977094	12.41908587	12.66890935	12.43758824	12.174339	12.17621991	12.15775114	12.21039739	12.36496905	12.32338977	12.50030911	12.48910535	12.29191028	12.5883586	12.55713817	12.21893854	12.37627193	12.44780129	12.4130646	12.39164637	12.65642933	12.3441988	12.4929247	12.7030557	12.55119636	12.48563563	12.66808721	12.1419698	12.49279455	12.54345963	12.44383713	12.46965962
Pame_14184.t1	K02127	ATP4	F-type ATPase	Complex V	5.819435719	7.577028443	7.758842807	7.562211891	6.431138192	7.964912634	7.643351158	6.799475911	7.268191079	6.880734496	8.276575759	8.420735023	7.667161228	8.100662339	8.161429211	8.42382605	7.959491974	8.248179014	8.230448015	8.062137906	6.775485181	7.848604163	8.065911534	7.914092078	8.077750374	8.111474781	7.664105904	7.891054578	7.759675174	7.429189118	7.792497497	7.959265912	8.262137139	7.514216964	8.071719772	7.594488834	7.661956197	8.656768066	8.229174511	8.325350433	7.877891456	7.964259994	8.340433197	8.17000014	7.992167938	7.919775066	8.247158504	8.484335537	8.322987185	8.28012582
Pame_04429.t1	K02129	ATP5I	F-type ATPase	Complex V	8.34881666	8.661339879	8.540271429	8.370778934	8.324153538	8.723521019	8.40416657	8.253081625	8.368323112	8.276012708	7.829361223	7.827711072	7.744093804	7.90047439	7.037777547	7.981904014	7.843958727	7.598595968	7.696918856	7.463025679	7.48008736	7.806736492	7.873807048	7.877382304	8.073134705	8.300105416	7.711694502	8.26739066	8.456937536	7.748971024	7.989315018	8.344127214	8.292289419	8.494031523	8.204409749	7.947017359	7.997693226	8.610282965	8.22712012	8.434640736	8.173702118	8.348644068	8.26859814	8.750093941	7.986098014	8.166544737	8.137011612	8.272573802	8.431422386	8.39855987
Pame_20949.t1	K02131	ATP5J	F-type ATPase	Complex V	10.18821793	10.36692321	10.36861559	9.822199554	9.539564027	10.38690792	10.23775968	9.734597858	10.00980063	9.801646932	11.80021235	10.71477784	10.85422947	10.54806087	11.18184796	10.79581239	10.83838456	11.26548612	10.84576445	11.00322977	11.40209007	11.08585748	10.66206305	10.68521308	10.72372066	10.72802253	10.98776851	10.83779348	11.15998483	10.98811658	10.85939501	11.14433322	11.20175024	10.65636229	10.98733508	10.9456633	11.05486882	10.97958239	11.31324585	10.84516855	10.92519836	11.39939009	11.16955551	10.85889017	11.46826256	10.56918156	11.09648457	11.58896755	11.10296645	11.21279426
Pame_07695.t1	K02130	ATP5J2	F-type ATPase	Complex V	7.342341397	7.422401216	7.186916477	7.230875469	7.117705431	7.503324881	7.291575933	6.972325042	7.154909224	7.234118063	5.305722514	6.741089409	6.467478392	6.837098059	5.946648993	6.562573672	6.708573522	6.355507912	6.761551232	6.368695025	6.256814422	6.917049787	6.559985781	6.885330315	6.875792348	6.962201957	6.530827671	6.979922443	7.286622445	6.547647242	6.866005393	7.271677782	7.127726128	6.990603217	6.758463089	6.713255902	6.552944163	7.00193732	7.310912649	7.418282728	7.00867512	7.087982542	7.468876518	7.369230901	6.993459255	6.842237186	6.673174783	7.027530073	7.038293503	7.04601078
Pame_16189.t1	K02138	ATP7	F-type ATPase	Complex V	6.630510315	6.667310276	6.467882651	6.298553848	6.190638563	6.659596376	6.605937256	6.323705122	6.413626237	6.327981908	7.381767882	6.756035858	6.910432869	6.795325387	6.834281417	6.939261845	6.89514506	7.140492378	6.977257023	6.886147717	7.282625134	6.978413025	6.783155407	6.875055094	7.026766868	7.046076283	6.986592967	7.011171336	7.373978748	7.098653256	6.847019751	7.286012461	7.198936088	6.930418017	7.120538569	6.991839261	6.995394065	7.330065347	7.357719136	7.181361004	7.123428238	7.508349416	7.300791823	7.380235931	7.408601481	6.836467003	7.174456356	7.428050243	7.306608579	7.342661408
Pame_09692.t1	K02128	ATP9	F-type ATPase	Complex V	4.352094642	5.238137195	5.183272119	5.477016697	5.138433598	5.300566718	5.027357558	5.391293433	5.443626541	5.124505979	6.31417989	6.121131475	6.427428507	6.004894597	5.910648726	5.918376693	5.592759	5.980313262	6.087988905	5.933827542	6.293539701	6.390423502	5.789147571	6.071301458	5.95563596	6.091771756	6.24435432	5.872491435	5.683615055	5.891827439	5.811666254	6.181329197	6.423593297	5.592597562	6.311128879	5.697965595	6.124394312	6.120638095	5.834483691	6.449222945	5.971757356	6.464651932	6.163011579	5.780249723	5.700869688	5.513869688	6.073271836	4.561851546	6.07640731	5.877982226
Pame_01194.t1	K02134	ATP16	F-type ATPase	Complex V	8.556015493	8.637066786	8.517878003	8.054197294	7.932639967	8.618682821	8.521188182	7.928855878	8.120616325	8.072711442	10.04468099	8.947876515	9.141529864	8.808960958	9.367543616	9.191229514	9.10353698	9.413756962	9.147176936	9.232871774	9.635823304	9.222589651	9.145287691	8.968724385	9.107473416	9.081600607	9.349053388	9.123485145	9.678205743	9.317806022	9.178893872	9.565530538	9.675330789	8.955199449	9.424330079	9.179150232	9.437261036	9.426814049	9.580058781	9.347204997	9.32391494	9.741706292	9.498013458	9.297131792	10.0528533	8.950934928	9.314839248	10.44961296	9.488149437	9.784850743
Pame_07123.t1	K02140	ATP20	F-type ATPase	Complex V	9.649478943	9.940435469	9.506868878	9.676702879	9.41040471	10.08690581	9.479414492	9.4275098	9.512315788	9.307419417	8.113127457	9.050950565	8.967500071	8.961151574	8.544809919	9.077397901	9.100052547	8.855712565	8.885980004	8.613100636	8.731746684	9.025612999	9.228741745	9.035805335	9.203372476	9.154969964	9.186218258	9.196754563	9.524900141	9.032414966	9.059109176	9.488954778	9.468841907	9.314202554	9.137813444	9.193717543	8.793921886	9.53115919	9.535668078	9.662438736	9.242964468	9.397304554	9.530269767	9.863165681	9.813545532	9.102978252	9.312681055	9.621650812	9.470280613	9.550442826
Pame_05420.t1	K02111	ATPA	F-type ATPase	Complex V	1.186266006	3.180639605	2.941175814	2.77481868	2.237536186	3.431606915	3.05232894	2.526186527	2.407776931	2.774293692	3.962160304	4.212748303	2.892389083	3.376654346	3.017649373	4.506386136	3.411145544	3.499629068	3.697006461	3.101342479	2.900799199	3.649523492	2.949906531	3.72525036	3.354818853	3.433959596	3.392675991	3.25836515	2.928764464	3.642239466	3.348143169	3.203520676	4.420347653	3.437331622	4.157148835	3.36030668	3.69695084	4.111890996	3.901697175	4.12288803	3.980537192	3.964786749	4.006333934	3.799854052	3.467931546	3.838709785	3.786512725	3.112179668	4.712656304	4.392207499
Pame_12130.t1	K02112	ATPD	F-type ATPase	Complex V	6.331803729	7.359204879	7.487309475	7.340099336	6.363267464	7.717717544	7.081478112	6.390734743	7.144668439	6.898897604	6.957508377	7.370922752	7.108137595	7.952828592	7.898256732	7.434161152	7.019579609	7.970968661	7.851011892	7.733517041	6.649944482	6.885159457	7.524894265	7.600232579	8.066541308	7.422031117	7.33245732	7.586359435	7.198798612	7.077232315	7.469780179	7.003737146	6.692036564	6.826332385	7.447661842	7.12144027	7.105646653	7.474971357	6.417175724	7.693284827	7.064268524	6.586971857	6.864421415	7.297705001	5.208525063	7.166524653	7.107206612	3.277711055	6.959364456	6.659325213
Pame_09216.t1	K02113	ATPH	F-type ATPase	Complex V	8.398658196	7.709835128	7.805157003	7.902284661	8.020391077	7.324117526	7.841872509	8.130282252	7.970899658	8.001667153	10.26322224	10.42396678	10.18790875	9.914187776	9.766962811	10.30690472	10.31954794	9.650626356	9.680797277	9.858287224	8.370948899	7.993396981	7.722711917	7.964335091	6.717155451	8.117191133	8.163815696	8.172032401	9.060325755	7.964774045	7.35974956	8.56082575	8.389399027	7.998251928	8.04340466	7.712499488	7.931127522	8.310858133	8.408304262	7.956323879	8.202035643	8.256675749	8.580345259	8.148303703	8.551539088	7.659796148	7.896253682	8.06035548	8.201780867	8.473981682
