Metagenome_fam01	Metagenome_fam02	Metagenome_fam03	Metagenome_fam04	Metagenome_fam05	Metagenome_fam06	Metagenome_fam07	Metagenome_fam08	Metagenome_fam09	Metagenome_fam10	Metagenome_hos01	Metagenome_hos02	Metagenome_hos03	Metagenome_hos04	Metagenome_hos05	Metagenome_hos06	Metagenome_hos07	Metagenome_hos08	Metagenome_hos09	Metagenome_hos10	Metagenome_lab01	Metagenome_lab02	Metagenome_lab03	Metagenome_lab04	Metagenome_lab05	Metagenome_lab06	Metagenome_lab07	Metagenome_lab08	Metagenome_lab09	Metagenome_lab10	Metagenome_res01	Metagenome_res02	Metagenome_res03	Metagenome_res04	Metagenome_res05	Metagenome_res06	Metagenome_res07	Metagenome_res08	Metagenome_res09	Metagenome_res10	Metagenome_wild01	Metagenome_wild02	Metagenome_wild03	Metagenome_wild04	Metagenome_wild05	Metagenome_wild06	Metagenome_wild07	Metagenome_wild08	Metagenome_wild09	Metagenome_wild10
Metagenome_fam01	0	72.9554716740552	41.6262811902565	46.5548983213073	44.5865150918429	40.6207421819057	43.2270067687066	26.639320191365	81.1774155885041	48.6133667647087	88.3589131076486	120.954296947313	103.561548660781	95.8849264004967	110.875242860455	137.065903015204	88.8582307215171	107.879342466895	144.067830593385	141.389433718621	50.6049379918442	33.0958236941713	51.8738608819117	52.984497574646	54.5128902749283	53.8976691413704	48.8593792057506	116.19200109289	57.8084580703532	52.3681775399515	80.6244981490028	80.5391273601098	77.1226578356385	86.4709854667928	106.986512600001	68.8639290333023	56.728174422673	57.3984905954562	46.7352523818841	106.240166810594	84.9757642357488	89.5725587426695	125.382485347355	103.944613033805	70.2510523859679	125.850726112652	112.966179621327	86.1324425441438	88.9335362584876	90.5959094299244
Metagenome_fam02	72.9554716740552	0	90.8201747220526	94.2183810792579	59.4646289112309	88.1059227906234	94.5207104687362	76.0295803438616	84.9904326771489	96.661375592792	122.950682632418	154.116411878011	138.425894599988	131.764305158191	145.241706085048	165.443384899214	127.892654168539	141.814482819034	173.556510521047	171.898683638181	83.200167249194	56.6226105850917	80.22486624447	56.9027204335043	76.3139759255205	66.8287491724658	58.6064234180065	113.983708660016	55.0575556736474	63.6771887618003	119.749918188948	121.879377901148	116.194163910874	123.093638776834	105.663511006445	111.582780927022	101.171308748557	103.063847929499	92.578052100198	106.244805133616	12.9152085399419	28.7155042034873	60.4374112382105	32.7650432393227	19.374420901467	62.78595367665	43.7120434931813	45.6845297295103	17.3346378216595	20.9802579552312
Metagenome_fam03	41.6262811902565	90.8201747220526	0	52.0285740736368	58.7497224111155	11.7745573285919	6.87158553110123	18.0546913653583	58.6736153841526	9.47208410027157	49.0650428197627	83.6839266239858	63.2002454743512	55.3220686587631	72.3970160432561	98.8137412054163	50.4206637539204	69.9588698285138	106.327176555218	103.913992091276	66.1458795649593	71.5451245579268	91.9975760637545	76.6998407012295	93.4321005831543	86.1240589351497	78.899828692175	103.181784036734	71.2973997377063	83.3545725749608	42.1983321391806	39.8199692081009	37.8075605501642	48.5537361505675	77.9868706355255	29.9447045150148	15.1495674979885	17.3671829865727	11.0170369167464	82.140474242886	103.693659307005	115.037466409379	140.364651049632	121.143927776294	95.8996852917392	148.731710209219	131.381480968978	118.634354694703	108.102683013276	111.124137736504
Metagenome_fam04	46.5548983213073	94.2183810792579	52.0285740736368	0	36.6168292550113	60.9554010684342	57.1382284277209	43.4394512996021	68.4679650082236	60.8572546853982	97.1263601847659	131.942990973084	108.0925793239	100.330920783658	119.831794990257	145.917296973738	98.7333193153759	118.247892856168	153.660407937446	151.485580070053	21.2994953621243	60.4541270937666	68.309985718892	48.6926697820849	67.2794841923598	54.9078428797125	51.7024902064115	84.1066412039844	48.4018408417738	53.0995295508377	91.4004484607794	84.9210025399238	86.5752796019624	98.008293230257	95.64697024173	79.412765315612	62.1961636209192	67.1358132627372	62.8912704193633	85.5247808649354	105.189877641072	113.09473856691	153.752918896358	126.77800686405	90.8093318608539	153.835040950124	137.638484803368	110.532757052755	109.848089008738	113.244447607676
Metagenome_fam05	44.5865150918429	59.4646289112309	58.7497224111155	36.6168292550113	0	63.6899946313921	64.6673054789978	43.318312598096	58.0877525824207	67.9139475825486	102.824713191193	138.733359247046	116.287925330736	108.506372256246	127.14044152699	151.654591303138	106.609280597604	124.783975594677	160.078617792436	158.171108750146	25.6755140200579	42.8842446705403	60.2547928432082	20.2734127984671	56.2727381773378	37.4307991112783	28.6544127435554	78.1159696173189	14.576433965373	33.3510545841398	98.2904674716372	94.787934994627	93.3934584164903	103.932439215086	87.1291115310624	87.0146558517709	70.4164936698308	75.0327644330439	67.0940631155473	78.5725461007215	69.6705754067348	79.1349739687278	119.756966943481	91.4019724077024	56.9302110574113	119.844849399358	102.531358678385	80.4337702625666	74.37877219298	78.1865805681761
Metagenome_fam06	40.6207421819057	88.1059227906234	11.7745573285919	60.9554010684342	63.6899946313921	0	8.8969333592617	20.9356601244868	65.0995877243836	11.095484419773	47.8018723919115	80.8555702681833	63.3684892752481	55.8415484392885	70.5139016699083	96.5783251243626	48.6987910265026	67.5246223461663	103.791647733375	101.231567557261	73.3863079781856	70.5236853289008	92.3471419587922	80.4302438742016	94.3131509825495	88.9412563021692	81.5541246500868	112.265177850024	75.9758915174117	86.2521429007504	40.2776222905266	41.4261208481103	36.7833103908133	46.0047227495525	83.138990715601	28.9028621529736	20.5190074175439	18.7318850412981	6.74011014799341	89.6201996988408	100.97504571496	111.73426110842	134.440072724081	117.230555817677	93.8909462896794	143.458753845694	126.893692814056	115.628592878294	105.127644825922	107.726215164513
Metagenome_fam07	43.2270067687066	94.5207104687362	6.87158553110123	57.1382284277209	64.6673054789978	8.8969333592617	0	22.4490201289869	64.573345389238	5.75422047402444	46.2552705955776	79.7527564585802	60.6422707404611	52.9275263153153	68.8520486385707	95.5161005795512	46.6282988789816	66.2790158106126	102.704685654833	100.140480247896	71.6667437269465	74.2858593788308	94.4559799664274	82.067739736686	96.4303803869091	90.5359273457043	83.5525489253528	109.787027385296	77.4012478176247	87.9341401476627	38.5069634349838	37.3276208565231	34.6354706140848	44.8822715658386	82.5252184572604	26.2255429515308	15.0333653248324	14.3031826420513	7.49493778978007	87.8490432886121	107.421980018991	118.283558191527	142.458741803526	124.347474176669	99.6574040990238	151.086639492481	134.272915626489	121.572669416854	111.710879774472	114.496112311782
Metagenome_fam08	26.639320191365	76.0295803438616	18.0546913653583	43.4394512996021	43.318312598096	20.9356601244868	22.4490201289869	0	58.5791031870101	26.5802945417213	65.4926347697248	100.195227859959	80.2799342677735	72.4217196345455	89.1989309943548	115.135906542459	67.4365394876718	86.4988067310489	122.786214773574	120.413690260252	53.1429016143044	53.9781949685713	75.5090730442635	59.9129627880167	76.4259585691122	68.844087386004	61.3976924391003	99.9192754062543	56.3397420864965	66.0246797495706	58.9671049843772	57.4681627613815	54.6809547494807	64.9322851980664	82.4158520053442	47.0732552646403	32.5835600014618	34.9288260508418	25.1952533614198	83.7519904889169	88.86466660832	99.0046765962302	128.55516834739	107.430793411499	79.1940751305093	134.41864998116	117.695372993389	101.410678300172	93.3123136773015	96.2046393894896
Metagenome_fam09	81.1774155885041	84.9904326771489	58.6736153841526	68.4679650082236	58.0877525824207	65.0995877243836	64.573345389238	58.5791031870101	0	62.7512489434076	74.3270620418514	106.965484810862	82.8913484520062	76.865735035822	95.4834233602876	114.389425882571	81.5858719099405	94.210127848318	123.6290025074	122.828642983159	72.4526053951408	94.4010000786916	116.623825372026	76.1713361452833	113.623192583831	95.3734347915723	86.1868343226551	54.5829119025589	59.5029306289195	91.1673758856206	75.518003365566	70.1742938304851	70.6291198444677	78.9183529008397	29.1947636433264	69.5123973904344	57.383801152558	63.3983626796399	63.0273348083817	26.7626729911606	94.7440738761451	112.760664649238	133.380015055835	110.802174642531	94.9672841600194	145.355220507849	122.619969607863	124.211709146978	99.3070218058365	104.454482223888
Metagenome_fam10	48.6133667647087	96.661375592792	9.47208410027157	60.8572546853982	67.9139475825486	11.095484419773	5.75422047402444	26.5802945417213	62.7512489434076	0	40.6819216757864	74.6292489990315	55.1178793797285	47.3735590335954	63.5630792634231	90.1333769172027	41.4338487439186	61.0289268342965	97.4523675397332	94.9537298806177	75.5483562715268	79.1673201024831	99.857180833485	85.8522634870774	101.662726314923	95.1518889640204	87.8966626262284	109.223001847818	80.1778054477493	92.4141349397588	33.2220129331842	31.9699263720929	29.1479388179471	39.6017552563544	79.0281379531341	20.9345940989586	10.1967830584681	8.79490905956525	5.66538031050897	85.5076958874857	109.5133863787	121.10418304708	143.607510980308	126.010799310339	102.740984624003	153.279725027095	135.99291764285	125.316381934336	113.799351121143	116.70645755186
Metagenome_hos01	88.3589131076486	122.950682632418	49.0650428197627	97.1263601847659	102.824713191193	47.8018723919115	46.2552705955776	65.4926347697248	74.3270620418514	40.6819216757864	0	36.0721660877186	16.7374812219627	11.0102860379488	24.3419603416172	49.8519647927493	8.96465841894938	22.0867667244519	57.7130135446276	55.582055953201	112.415389342792	117.527536045638	139.949689165727	121.977277472923	141.561966102359	133.816933582405	125.707770522239	123.682023638104	112.777241759046	130.681398451591	9.79243658135334	15.1348567984302	11.8717408883741	6.93831195708455	75.0990201600703	20.6132509857049	35.4259335280526	32.3570454270662	41.6560200244191	90.1815531692477	134.994856253761	149.374128722753	160.436774130992	147.887608089568	133.495819147471	176.139361665002	157.418879970493	157.82175097335	138.945659389081	142.092976990711
Metagenome_hos02	120.954296947313	154.116411878011	83.6839266239858	131.942990973084	138.733359247046	80.8555702681833	79.7527564585802	100.195227859959	106.965484810862	74.6292489990315	36.0721660877186	0	27.098342398264	33.5108214121471	12.627140073582	18.2579844527448	33.5048237689144	14.0003056108016	23.3450099263611	20.483711385664	148.062953465076	150.618410199761	172.822301875129	157.656463855782	175.122336617652	168.915571998092	160.913219927902	154.918356504527	148.580144582132	165.896269161771	41.4883226264108	47.2119732200771	46.1160805316452	35.2863219653807	100.967617459011	53.8274580790582	70.5394688331946	66.4884287945878	75.3377109633281	119.008629032005	165.642441954816	179.881433009957	184.166581693012	176.080194852871	165.827854647709	202.486164419927	184.628138820961	189.119244993653	169.199623689962	171.976667532463
Metagenome_hos03	103.561548660781	138.425894599988	63.2002454743512	108.0925793239	116.287925330736	63.3684892752481	60.6422707404611	80.2799342677735	82.8913484520062	55.1178793797285	16.7374812219627	27.098342398264	0	7.9555793842238	14.81439134067	38.1176735371013	17.7261041717924	15.918498871668	45.9801872940106	44.2117472154149	124.421858366528	133.209063560885	154.940378924569	135.901138619561	156.506998345585	148.158748020279	140.174953526731	129.016281899845	125.965438958238	145.012026713871	24.2863656600198	24.1699458622887	26.6700001203774	20.5605124995475	79.0729377009128	34.9518611511195	48.574066438156	46.3902727210567	56.9637429900629	94.6187510102045	150.326921823559	165.282297004711	175.316823458255	163.044347173144	149.254081502436	191.863901476835	172.675944191402	174.081937866543	154.312853765447	157.643454235619
Metagenome_hos04	95.8849264004967	131.764305158191	55.3220686587631	100.330920783658	108.506372256246	55.8415484392885	52.9275263153153	72.4217196345455	76.865735035822	47.3735590335954	11.0102860379488	33.5108214121471	7.9555793842238	0	20.891204356703	45.6558196920705	13.3998897823388	20.6789264403501	53.5419524649752	51.6496271999649	116.567078817003	125.518531656219	147.150582606924	128.092037041694	148.657964881591	140.242362500308	132.301998334703	123.521923140234	118.369332524607	137.109937186238	17.9867372888012	16.5055749283062	19.4451000742793	15.9186650115396	75.3512630421285	27.5860726092206	40.6393149127028	38.6398268298226	49.3520716378873	89.9505514560616	143.803571035238	158.565162538038	170.231901600024	157.076828967177	142.156620415134	186.016745944636	166.854572039502	166.961110721956	147.860911355674	151.210686193923
Metagenome_hos05	110.875242860455	145.241706085048	72.3970160432561	119.831794990257	127.14044152699	70.5139016699083	68.8520486385707	89.1989309943548	95.4834233602876	63.5630792634231	24.3419603416172	12.627140073582	14.81439134067	20.891204356703	0	27.1763427633896	22.3064399885015	4.37029717043316	34.1053603517061	31.746829102661	136.02944102665	140.674008628253	162.705474505592	146.298913563037	164.755714174525	157.832331055764	149.85251582199	143.096315463222	137.034286613603	154.777981461863	30.410622985971	34.9589131374779	34.6242321392922	24.5716811663078	90.9264602384545	42.6574854480085	58.7454706905386	55.1649904803011	64.649861894304	107.924555760631	156.992116716424	171.423793663544	178.398381963759	168.470459828792	156.50524332803	195.82687927151	177.476723513699	180.348280198202	160.734492070656	163.712833352061
Metagenome_hos06	137.065903015204	165.443384899214	98.8137412054163	145.917296973738	151.654591303138	96.5783251243626	95.5161005795512	115.135906542459	114.389425882571	90.1333769172027	49.8519647927493	18.2579844527448	38.1176735371013	45.6558196920705	27.1763427633896	0	49.3173356018726	29.5445497340464	9.31529442746	9.57902599714036	161.694499339704	165.959620671093	188.889159573388	170.916448863028	190.783686858021	183.368270269798	175.011511995457	160.599800920912	160.568940715413	180.14732140453	57.0393395005418	61.3484278866203	61.0704437024169	50.7453510313317	103.787741280144	69.3897927943627	85.0573238953054	81.8024483606692	90.8543946368067	123.219897187314	176.497529351614	191.780243914521	192.952307410156	185.930478753989	178.311316458187	212.977461199612	194.420291184203	202.515485869908	179.970448484782	182.949887149786
Metagenome_hos07	88.8582307215171	127.892654168539	50.4206637539204	98.7333193153759	106.609280597604	48.6987910265026	46.6282988789816	67.4365394876718	81.5858719099405	41.4338487439186	8.96465841894938	33.5048237689144	17.7261041717924	13.3998897823388	22.3064399885015	49.3173356018726	0	20.0356257356566	56.2509872345598	53.7032597973575	114.890185123248	119.16210972896	140.627220046458	125.48731492913	142.739536428753	136.211803964632	128.51035592613	130.155700385915	117.30452940563	133.287492930017	8.62689497587941	15.5784634559444	13.2226741315324	5.86010920228715	83.5179658540599	20.5089140425949	37.2701418175122	33.1074759041549	42.7512936824171	97.7364793780998	140.122333800064	153.684560159045	165.555146182271	153.230350233011	137.669036947795	180.608544987307	162.581368512374	161.075212026676	144.053553294543	146.993600830432
Metagenome_hos08	107.879342466895	141.814482819034	69.9588698285138	118.247892856168	124.783975594677	67.5246223461663	66.2790158106126	86.4988067310489	94.210127848318	61.0289268342965	22.0867667244519	14.0003056108016	15.918498871668	20.6789264403501	4.37029717043316	29.5445497340464	20.0356257356566	0	36.4317866251057	33.9651119511421	134.142208769963	137.485057806277	159.741461527124	143.769889803049	161.834036740503	155.166984133614	147.146331301743	142.732223446661	134.70704717142	152.118475734956	27.8132446201824	33.7253992478688	32.2585055629496	21.5974366931673	90.4360697653065	40.2118127193531	56.6801655660071	52.8062919293009	61.8194921165127	107.576839352154	153.552247701528	167.817530773511	174.573742383048	164.882835927464	153.104316461036	191.952160035391	173.788371708284	176.732563790819	157.251528267472	160.150630724392
Metagenome_hos09	144.067830593385	173.556510521047	106.327176555218	153.660407937446	160.078617792436	103.791647733375	102.704685654833	122.786214773574	123.6290025074	97.4523675397332	57.7130135446276	23.3450099263611	45.9801872940106	53.5419524649752	34.1053603517061	9.31529442746	56.2509872345598	36.4317866251057	0	3.6860615910237	169.770952418534	173.306980180503	195.935295581331	179.248733076949	198.083122800094	191.279260629095	183.048694139816	169.650967872239	169.239098427815	188.136534272739	64.2327463739024	68.802654987562	68.5422858912635	57.9736928537131	113.01180050911	76.6048251523906	92.7370425352042	89.1673940638007	98.1873348259756	132.390414897763	184.608385792839	199.580113321708	200.030228731668	193.764405972466	186.332173888008	220.182645100636	202.034454198133	210.07521011507	188.018133369512	190.868547566606
Metagenome_hos10	141.389433718621	171.898683638181	103.913992091276	151.485580070053	158.171108750146	101.231567557261	100.140480247896	120.413690260252	122.828642983159	94.9537298806177	55.582055953201	20.483711385664	44.2117472154149	51.6496271999649	31.746829102661	9.57902599714036	53.7032597973575	33.9651119511421	3.6860615910237	0	167.696049020178	170.802608409071	193.255482018425	177.265001222289	195.511595121866	189.016500522521	180.868347017121	169.231277140404	167.53737363415	185.921819781151	61.7438665388609	66.5687142608902	66.1783895310629	55.51112288989	113.061159338924	74.1019686343906	90.4595781669691	86.7145519344366	95.6843021133475	132.216278932939	183.043668224775	197.778960646717	198.749226811857	192.362755875358	184.446005562213	218.587371462288	200.620448859306	207.957483279011	186.462661640167	189.258644601921
Metagenome_lab01	50.6049379918442	83.200167249194	66.1458795649593	21.2994953621243	25.6755140200579	73.3863079781856	71.6667437269465	53.1429016143044	72.4526053951408	75.5483562715268	112.415389342792	148.062953465076	124.421858366528	116.567078817003	136.02944102665	161.694499339704	114.890185123248	134.142208769963	169.770952418534	167.696049020178	0	51.5902722376366	57.4844159381365	30.5488573991705	54.1224098730625	37.1759181561692	34.6211182788844	81.49571256818	33.7617990255921	35.202341405302	107.050376152079	101.593862878482	102.119822926698	113.394247166709	101.205930462478	95.0692291660257	77.6432601422198	82.5432067618965	76.3524128042122	89.0636478473735	92.7020435436902	99.1919525982421	143.536556302734	114.692748299345	77.0864480555304	140.873213366919	125.363780273082	95.6060950927913	97.1817041215002	100.549967995391
Metagenome_lab02	33.0958236941713	56.6226105850917	71.5451245579268	60.4541270937666	42.8842446705403	70.5236853289008	74.2858593788308	53.9781949685713	94.4010000786916	79.1673201024831	117.527536045638	150.618410199761	133.209063560885	125.518531656219	140.674008628253	165.959620671093	119.16210972896	137.485057806277	173.306980180503	170.802608409071	51.5902722376366	0	28.4502817576495	37.3442380799521	28.3756690893687	31.001766458674	27.7098625265103	120.862667512517	49.9088860869996	30.3953863588839	110.6701880956	110.890982499665	106.986642228564	116.105569026511	121.942252167244	99.2881114623593	86.4261007270845	87.8587269342475	76.656916571321	118.270297761523	65.8253949143545	64.7425068150072	109.322849026677	85.2059122592206	46.1435328535959	103.181248655275	93.2096997296212	56.1469848526337	69.1219955301405	69.8714744844662
Metagenome_lab03	51.8738608819117	80.22486624447	91.9975760637545	68.309985718892	60.2547928432082	92.3471419587922	94.4559799664274	75.5090730442635	116.623825372026	99.857180833485	139.949689165727	172.822301875129	154.940378924569	147.150582606924	162.705474505592	188.889159573388	140.627220046458	159.741461527124	195.935295581331	193.255482018425	57.4844159381365	28.4502817576495	0	48.9327652675816	8.49736796170742	30.5441101997498	36.4513764507258	134.821887572222	66.113929450136	33.7336733684032	132.391295276931	131.554458152218	128.728491162629	138.295372493511	145.25130465491	120.472245528305	107.061799947858	108.615774707933	98.3165008041585	138.536843722326	87.0266524443204	81.1679308201984	130.018281423756	105.633806506012	65.3354820559467	118.431611020738	112.3487110597	65.1307202539253	89.6885547456384	89.7542181401381
Metagenome_lab04	52.984497574646	56.9027204335043	76.6998407012295	48.6926697820849	20.2734127984671	80.4302438742016	82.067739736686	59.9129627880167	76.1713361452833	85.8522634870774	121.977277472923	157.656463855782	135.901138619561	128.092037041694	146.298913563037	170.916448863028	125.48731492913	143.769889803049	179.248733076949	177.265001222289	30.5488573991705	37.3442380799521	48.9327652675816	0	42.8468167910018	20.796774642923	12.6584164249868	88.5759746419285	18.2576810006417	16.4629673355144	117.042756831173	114.13395407786	112.310603278344	122.675458567403	104.784790737835	105.606155663402	89.3853047883929	93.4975310731541	84.648083287801	94.9312549367467	64.6816911421893	69.8221145412754	116.421915934041	86.5773644679757	48.2482054663572	111.693245610265	96.8279667564919	67.1958783523987	68.8549456825898	72.0081556329379
Metagenome_lab05	54.5128902749283	76.3139759255205	93.4321005831543	67.2794841923598	56.2727381773378	94.3131509825495	96.4303803869091	76.4259585691122	113.623192583831	101.662726314923	141.561966102359	175.122336617652	156.506998345585	148.657964881591	164.755714174525	190.783686858021	142.739536428753	161.834036740503	198.083122800094	195.511595121866	54.1224098730625	28.3756690893687	8.49736796170742	42.8468167910018	0	23.4550326920123	30.3589802845692	129.529530638412	60.6050635832066	26.9788801268713	134.387346599814	133.212332130401	130.512345079915	140.285499607448	142.399000261464	122.431810256873	108.369962827139	110.380553943513	100.127488072036	134.818599012674	82.5950190640414	77.0211897406573	127.203525398426	101.600476342177	60.7678645249162	115.294092247713	108.581242294014	61.3858569265517	85.3006601875692	85.614624056328
Metagenome_lab06	53.8976691413704	66.8287491724658	86.1240589351497	54.9078428797125	37.4307991112783	88.9412563021692	90.5359273457043	68.844087386004	95.3734347915723	95.1518889640204	133.816933582405	168.915571998092	148.158748020279	140.242362500308	157.832331055764	183.368270269798	136.211803964632	155.166984133614	191.279260629095	189.016500522521	37.1759181561692	31.001766458674	30.5441101997498	20.796774642923	23.4550326920123	0	10.374698431987	106.950529034443	39.0042577191445	4.46305313126434	127.751683663415	125.3170500969	123.319341545925	133.656441264016	124.291621105744	115.826513944039	100.138167912816	103.443365684284	93.9537331492517	114.680375580632	73.5261130505685	72.8814990554968	123.186953414749	94.4788832162461	53.2891463374474	114.157181766858	103.228685172646	63.1684838257418	76.9824333821764	78.7847629666181
Metagenome_lab07	48.8593792057506	58.6064234180065	78.899828692175	51.7024902064115	28.6544127435554	81.5541246500868	83.5525489253528	61.3976924391003	86.1868343226551	87.8966626262284	125.707770522239	160.913219927902	140.174953526731	132.301998334703	149.85251582199	175.011511995457	128.51035592613	147.146331301743	183.048694139816	180.868347017121	34.6211182788844	27.7098625265103	36.4513764507258	12.6584164249868	30.3589802845692	10.374698431987	0	100.833436165345	30.350280409504	6.21081616190441	119.992687292562	117.773866935133	115.514444307631	125.730325127934	114.928152031344	108.289129146863	92.6608123737314	96.0642075356801	86.4588791357462	106.21153573376	66.2364875867663	67.9501239025299	116.557048488943	87.7127088388054	47.0003894726527	109.682474006568	97.0876410112395	61.403847991315	70.0343705235984	72.2830942737552
Metagenome_lab08	116.19200109289	113.983708660016	103.181784036734	84.1066412039844	78.1159696173189	112.265177850024	109.787027385296	99.9192754062543	54.5829119025589	109.223001847818	123.682023638104	154.918356504527	129.016281899845	123.521923140234	143.096315463222	160.599800920912	130.155700385915	142.732223446661	169.650967872239	169.231277140404	81.49571256818	120.862667512517	134.821887572222	88.5759746419285	129.529530638412	106.950529034443	100.833436165345	0	72.8432867988897	103.401535183156	124.810165382957	116.625060157035	119.729348005945	128.758890310084	64.0633689064292	118.074248746809	103.691873934565	110.643588237959	110.788482135159	40.08557716692	120.248669670544	136.29770013516	164.331115012637	137.04853889888	118.639846370151	171.079899531092	148.832171120845	145.301302554218	124.513370338459	130.100820330527
Metagenome_lab09	57.8084580703532	55.0575556736474	71.2973997377063	48.4018408417738	14.576433965373	75.9758915174117	77.4012478176247	56.3397420864965	59.5029306289195	80.1778054477493	112.777241759046	148.580144582132	125.965438958238	118.369332524607	137.034286613603	160.568940715413	117.30452940563	134.70704717142	169.239098427815	167.53737363415	33.7617990255921	49.9088860869996	66.113929450136	18.2576810006417	60.6050635832066	39.0042577191445	30.350280409504	72.8432867988897	0	34.6756243306033	109.062131908697	105.587940117775	104.108578054618	114.355129786503	87.6353093346671	98.3457329291356	81.984649127659	86.8434496677075	79.1247199455359	77.3780707991663	63.4665065163785	73.7461164551091	114.883930291877	85.0352383424033	52.3973466354207	114.339150278286	96.3419775100454	76.8016162578736	68.0817718340502	72.3483611836166
Metagenome_lab10	52.3681775399515	63.6771887618003	83.3545725749608	53.0995295508377	33.3510545841398	86.2521429007504	87.9341401476627	66.0246797495706	91.1673758856206	92.4141349397588	130.681398451591	165.896269161771	145.012026713871	137.109937186238	154.777981461863	180.14732140453	133.287492930017	152.118475734956	188.136534272739	185.921819781151	35.202341405302	30.3953863588839	33.7336733684032	16.4629673355144	26.9788801268713	4.46305313126434	6.21081616190441	103.401535183156	34.6756243306033	0	124.808564338924	122.358257717706	120.327331336039	130.655686530993	120.030360104612	112.967183325567	97.2025277209046	100.625322204719	91.1661271546576	110.555249499748	70.6847611031912	71.1454584983211	120.837142111411	91.9082148387386	50.9413042761921	112.710545110202	100.970960674386	62.868762666305	74.2975492642424	76.3450217598391
Metagenome_res01	80.6244981490028	119.749918188948	42.1983321391806	91.4004484607794	98.2904674716372	40.2776222905266	38.5069634349838	58.9671049843772	75.518003365566	33.2220129331842	9.79243658135334	41.4883226264108	24.2863656600198	17.9867372888012	30.410622985971	57.0393395005418	8.62689497587941	27.8132446201824	64.2327463739024	61.7438665388609	107.050376152079	110.6701880956	132.391295276931	117.042756831173	134.387346599814	127.751683663415	119.992687292562	124.810165382957	109.062131908697	124.808564338924	0	12.313829021596	5.35217352910768	6.83958878193745	79.8454040570269	12.4372275261744	29.4560306717164	25.0440714965916	34.2947037341645	93.2575332918896	132.070993202713	145.475556910588	158.66294853402	145.588384845178	129.232053273599	173.057773112488	155.046668464929	152.650329210622	136.046913711073	138.991435713395
Metagenome_res02	80.5391273601098	121.879377901148	39.8199692081009	84.9210025399238	94.787934994627	41.4261208481103	37.3276208565231	57.4681627613815	70.1742938304851	31.9699263720929	15.1348567984302	47.2119732200771	24.1699458622887	16.5055749283062	34.9589131374779	61.3484278866203	15.5784634559444	33.7253992478688	68.802654987562	66.5687142608902	101.593862878482	110.890982499665	131.554458152218	114.13395407786	133.212332130401	125.3170500969	117.773866935133	116.625060157035	105.587940117775	122.358257717706	12.313829021596	0	9.74530720246563	17.1336835832957	74.9162930740482	13.8247512747366	25.1874475445616	23.1935587590051	34.8071872133148	86.2755827959212	134.317246752613	148.096967721583	164.131268628292	149.037521712172	130.664436133449	177.705386576341	159.037713449052	154.84039546551	138.529663456806	141.806620762813
Metagenome_res03	77.1226578356385	116.194163910874	37.8075605501642	86.5752796019624	93.3934584164903	36.7833103908133	34.6354706140848	54.6809547494807	70.6291198444677	29.1479388179471	11.8717408883741	46.1160805316452	26.6700001203774	19.4451000742793	34.6242321392922	61.0704437024169	13.2226741315324	32.2585055629496	68.5422858912635	66.1783895310629	102.119822926698	106.986642228564	128.728491162629	112.310603278344	130.512345079915	123.319341545925	115.514444307631	119.729348005945	104.108578054618	120.327331336039	5.35217352910768	9.74530720246563	0	11.4849471665199	75.9951759972424	8.76282391517689	24.5486294293665	20.7454193096195	30.506571477139	88.6797136080435	128.567611894482	142.132954368767	156.490088955365	142.543848861484	125.497819119218	170.496670543495	152.216750156485	149.272378994481	132.629010394951	135.693405610421
Metagenome_res04	86.4709854667928	123.093638776834	48.5537361505675	98.008293230257	103.932439215086	46.0047227495525	44.8822715658386	64.9322851980664	78.9183529008397	39.6017552563544	6.93831195708455	35.2863219653807	20.5605124995475	15.9186650115396	24.5716811663078	50.7453510313317	5.86010920228715	21.5974366931673	57.9736928537131	55.51112288989	113.394247166709	116.105569026511	138.295372493511	122.675458567403	140.285499607448	133.656441264016	125.730325127934	128.758890310084	114.355129786503	130.655686530993	6.83958878193745	17.1336835832957	11.4849471665199	0	81.0804915995305	19.1026655125089	35.9159311355461	31.6024580527295	40.2337587898809	95.907903484399	135.226078508063	148.910922343286	159.935720103695	147.974452292429	133.274379499388	175.294313515869	157.240153002117	156.761878730823	139.097557886764	142.006701634111
Metagenome_res05	106.986512600001	105.663511006445	77.9868706355255	95.64697024173	87.1291115310624	83.138990715601	82.5252184572604	82.4158520053442	29.1947636433264	79.0281379531341	75.0990201600703	100.967617459011	79.0729377009128	75.3512630421285	90.9264602384545	103.787741280144	83.5179658540599	90.4360697653065	113.01180050911	113.061159338924	101.205930462478	121.942252167244	145.25130465491	104.784790737835	142.399000261464	124.291621105744	114.928152031344	64.0633689064292	87.6353093346671	120.030360104612	79.8454040570269	74.9162930740482	75.9951759972424	81.0804915995305	0	78.2454555666006	71.65236603884	76.6562816753653	79.4533802235308	24.2298858610159	114.276264388158	133.872238076023	145.522799319032	126.885393794285	118.519668385877	161.826899568376	138.127339088926	148.190541994195	118.38301136051	123.583278227677
Metagenome_res06	68.8639290333023	111.582780927022	29.9447045150148	79.412765315612	87.0146558517709	28.9028621529736	26.2255429515308	47.0732552646403	69.5123973904344	20.9345940989586	20.6132509857049	53.8274580790582	34.9518611511195	27.5860726092206	42.6574854480085	69.3897927943627	20.5089140425949	40.2118127193531	76.6048251523906	74.1019686343906	95.0692291660257	99.2881114623593	120.472245528305	105.606155663402	122.431810256873	115.826513944039	108.289129146863	118.074248746809	98.3457329291356	112.967183325567	12.4372275261744	13.8247512747366	8.76282391517689	19.1026655125089	78.2454555666006	0	17.7899240149296	12.6875237939514	22.6367750106436	89.1135725805353	124.162169691457	136.981573575882	153.729369126161	138.872391019514	119.860229669695	166.410765297593	148.584383418582	143.049882817179	128.2798358452	131.23995508214
Metagenome_res07	56.728174422673	101.171308748557	15.1495674979885	62.1961636209192	70.4164936698308	20.5190074175439	15.0333653248324	32.5835600014618	57.383801152558	10.1967830584681	35.4259335280526	70.5394688331946	48.574066438156	40.6393149127028	58.7454706905386	85.0573238953054	37.2701418175122	56.6801655660071	92.7370425352042	90.4595781669691	77.6432601422198	86.4261007270845	107.061799947858	89.3853047883929	108.369962827139	100.138167912816	92.6608123737314	103.691873934565	81.984649127659	97.2025277209046	29.4560306717164	25.1874475445616	24.5486294293665	35.9159311355461	71.65236603884	17.7899240149296	0	7.11319234471368	14.3622198920323	78.4296583551909	113.892475559483	126.675079546193	148.370008094812	130.397971633029	108.062148287383	159.008566235981	140.727886707158	131.915934330898	118.287595675213	121.558694760251
Metagenome_res08	57.3984905954562	103.063847929499	17.3671829865727	67.1358132627372	75.0327644330439	18.7318850412981	14.3031826420513	34.9288260508418	63.3983626796399	8.79490905956525	32.3570454270662	66.4884287945878	46.3902727210567	38.6398268298226	55.1649904803011	81.8024483606692	33.1074759041549	52.8062919293009	89.1673940638007	86.7145519344366	82.5432067618965	87.8587269342475	108.615774707933	93.4975310731541	110.380553943513	103.443365684284	96.0642075356801	110.643588237959	86.8434496677075	100.625322204719	25.0440714965916	23.1935587590051	20.7454193096195	31.6024580527295	76.6562816753653	12.6875237939514	7.11319234471368	0	12.1590943866823	84.6893015628635	115.821746626888	128.136499466245	148.554813131466	131.756556646913	110.089329184853	159.484246254843	141.752234209733	133.199042340403	120.087958662831	123.109386017574
Metagenome_res09	46.7352523818841	92.578052100198	11.0170369167464	62.8912704193633	67.0940631155473	6.74011014799341	7.49493778978007	25.1952533614198	63.0273348083817	5.66538031050897	41.6560200244191	75.3377109633281	56.9637429900629	49.3520716378873	64.649861894304	90.8543946368067	42.7512936824171	61.8194921165127	98.1873348259756	95.6843021133475	76.3524128042122	76.656916571321	98.3165008041585	84.648083287801	100.127488072036	93.9537331492517	86.4588791357462	110.788482135159	79.1247199455359	91.1661271546576	34.2947037341645	34.8071872133148	30.506571477139	40.2337587898809	79.4533802235308	22.6367750106436	14.3622198920323	12.1590943866823	0	86.6662483522154	105.409977747837	116.932278450331	138.520923283647	121.49154472179	99.0517962396212	148.433797906141	131.308915374994	121.503137720685	109.611537602141	112.402497421879
Metagenome_res10	106.240166810594	106.244805133616	82.140474242886	85.5247808649354	78.5725461007215	89.6201996988408	87.8490432886121	83.7519904889169	26.7626729911606	85.5076958874857	90.1815531692477	119.008629032005	94.6187510102045	89.9505514560616	107.924555760631	123.219897187314	97.7364793780998	107.576839352154	132.390414897763	132.216278932939	89.0636478473735	118.270297761523	138.536843722326	94.9312549367467	134.818599012674	114.680375580632	106.21153573376	40.08557716692	77.3780707991663	110.555249499748	93.2575332918896	86.2755827959212	88.6797136080435	95.907903484399	24.2298858610159	89.1135725805353	78.4296583551909	84.6893015628635	86.6662483522154	0	114.41328687046	133.123878970307	151.948804918183	129.307442188413	116.159755538921	164.635199133943	141.083611731286	145.487728921417	118.764317268335	124.269801502487
Metagenome_wild01	84.9757642357488	12.9152085399419	103.693659307005	105.189877641072	69.6705754067348	100.97504571496	107.421980018991	88.86466660832	94.7440738761451	109.5133863787	134.994856253761	165.642441954816	150.326921823559	143.803571035238	156.992116716424	176.497529351614	140.122333800064	153.552247701528	184.608385792839	183.043668224775	92.7020435436902	65.8253949143545	87.0266524443204	64.6816911421893	82.5950190640414	73.5261130505685	66.2364875867663	120.248669670544	63.4665065163785	70.6847611031912	132.070993202713	134.317246752613	128.567611894482	135.226078508063	114.276264388158	124.162169691457	113.892475559483	115.821746626888	105.409977747837	114.41328687046	0	20.8649100320779	52.3663880440993	22.0059931360528	21.9266841355972	52.5314905614423	32.9771838363049	42.345266921173	4.89008697038986	10.0283460710609
Metagenome_wild02	89.5725587426695	28.7155042034873	115.037466409379	113.09473856691	79.1349739687278	111.73426110842	118.283558191527	99.0046765962302	112.760664649238	121.10418304708	149.374128722753	179.881433009957	165.282297004711	158.565162538038	171.423793663544	191.780243914521	153.684560159045	167.817530773511	199.580113321708	197.778960646717	99.1919525982421	64.7425068150072	81.1679308201984	69.8221145412754	77.0211897406573	72.8814990554968	67.9501239025299	136.29770013516	73.7461164551091	71.1454584983211	145.475556910588	148.096967721583	142.132954368767	148.910922343286	133.872238076023	136.981573575882	126.675079546193	128.136499466245	116.932278450331	133.123878970307	20.8649100320779	0	53.0719472590034	27.4977261754148	22.3354675074074	41.9314427305569	32.1157682769553	24.1224338418918	18.4839042514935	14.4929064089341
Metagenome_wild03	125.382485347355	60.4374112382105	140.364651049632	153.752918896358	119.756966943481	134.440072724081	142.458741803526	128.55516834739	133.380015055835	143.607510980308	160.436774130992	184.166581693012	175.316823458255	170.231901600024	178.398381963759	192.952307410156	165.555146182271	174.573742383048	200.030228731668	198.749226811857	143.536556302734	109.322849026677	130.018281423756	116.421915934041	127.203525398426	123.186953414749	116.557048488943	164.331115012637	114.883930291877	120.837142111411	158.66294853402	164.131268628292	156.490088955365	159.935720103695	145.522799319032	153.729369126161	148.370008094812	148.554813131466	138.520923283647	151.948804918183	52.3663880440993	53.0719472590034	0	31.7475783300084	70.0218688268431	29.8577430961316	23.4129894032286	72.9812447232134	48.4256127494416	45.3882111033954
Metagenome_wild04	103.944613033805	32.7650432393227	121.143927776294	126.77800686405	91.4019724077024	117.230555817677	124.347474176669	107.430793411499	110.802174642531	126.010799310339	147.887608089568	176.080194852871	163.044347173144	157.076828967177	168.470459828792	185.930478753989	153.230350233011	164.882835927464	193.764405972466	192.362755875358	114.692748299345	85.2059122592206	105.633806506012	86.5773644679757	101.600476342177	94.4788832162461	87.7127088388054	137.04853889888	85.0352383424033	91.9082148387386	145.588384845178	149.037521712172	142.543848861484	147.974452292429	126.885393794285	138.872391019514	130.397971633029	131.756556646913	121.49154472179	129.307442188413	22.0059931360528	27.4977261754148	31.7475783300084	0	41.5342670588957	35.5049199592937	12.073439104648	51.2862229344031	17.7612146820953	16.0086353487619
Metagenome_wild05	70.2510523859679	19.374420901467	95.8996852917392	90.8093318608539	56.9302110574113	93.8909462896794	99.6574040990238	79.1940751305093	94.9672841600194	102.740984624003	133.495819147471	165.827854647709	149.254081502436	142.156620415134	156.50524332803	178.311316458187	137.669036947795	153.104316461036	186.332173888008	184.446005562213	77.0864480555304	46.1435328535959	65.3354820559467	48.2482054663572	60.7678645249162	53.2891463374474	47.0003894726527	118.639846370151	52.3973466354207	50.9413042761921	129.232053273599	130.664436133449	125.497819119218	133.274379499388	118.519668385877	119.860229669695	108.062148287383	110.089329184853	99.0517962396212	116.159755538921	21.9266841355972	22.3354675074074	70.0218688268431	41.5342670588957	0	63.7879812427185	50.2172982357862	29.7521189950628	24.5798485814481	25.6560276703864
Metagenome_wild06	125.850726112652	62.78595367665	148.731710209219	153.835040950124	119.844849399358	143.458753845694	151.086639492481	134.41864998116	145.355220507849	153.279725027095	176.139361665002	202.486164419927	191.863901476835	186.016745944636	195.82687927151	212.977461199612	180.608544987307	191.952160035391	220.182645100636	218.587371462288	140.873213366919	103.181248655275	118.431611020738	111.693245610265	115.294092247713	114.157181766858	109.682474006568	171.079899531092	114.339150278286	112.710545110202	173.057773112488	177.705386576341	170.496670543495	175.294313515869	161.826899568376	166.410765297593	159.008566235981	159.484246254843	148.433797906141	164.635199133943	52.5314905614423	41.9314427305569	29.8577430961316	35.5049199592937	63.7879812427185	0	24.4004637836968	55.0992088783538	47.7669126067313	42.7393558800177
Metagenome_wild07	112.966179621327	43.7120434931813	131.381480968978	137.638484803368	102.531358678385	126.893692814056	134.272915626489	117.695372993389	122.619969607863	135.99291764285	157.418879970493	184.628138820961	172.675944191402	166.854572039502	177.476723513699	194.420291184203	162.581368512374	173.788371708284	202.034454198133	200.620448859306	125.363780273082	93.2096997296212	112.3487110597	96.8279667564919	108.581242294014	103.228685172646	97.0876410112395	148.832171120845	96.3419775100454	100.970960674386	155.046668464929	159.037713449052	152.216750156485	157.240153002117	138.127339088926	148.584383418582	140.727886707158	141.752234209733	131.308915374994	141.083611731286	32.9771838363049	32.1157682769553	23.4129894032286	12.073439104648	50.2172982357862	24.4004637836968	0	53.7651728768614	28.341994008366	24.9454045966578
Metagenome_wild08	86.1324425441438	45.6845297295103	118.634354694703	110.532757052755	80.4337702625666	115.628592878294	121.572669416854	101.410678300172	124.211709146978	125.316381934336	157.82175097335	189.119244993653	174.081937866543	166.961110721956	180.348280198202	202.515485869908	161.075212026676	176.732563790819	210.07521011507	207.957483279011	95.6060950927913	56.1469848526337	65.1307202539253	67.1958783523987	61.3858569265517	63.1684838257418	61.403847991315	145.301302554218	76.8016162578736	62.868762666305	152.650329210622	154.84039546551	149.272378994481	156.761878730823	148.190541994195	143.049882817179	131.915934330898	133.199042340403	121.503137720685	145.487728921417	42.345266921173	24.1224338418918	72.9812447232134	51.2862229344031	29.7521189950628	55.0992088783538	53.7651728768614	0	41.4392221666593	38.2405724534841
Metagenome_wild09	88.9335362584876	17.3346378216595	108.102683013276	109.848089008738	74.37877219298	105.127644825922	111.710879774472	93.3123136773015	99.3070218058365	113.799351121143	138.945659389081	169.199623689962	154.312853765447	147.860911355674	160.734492070656	179.970448484782	144.053553294543	157.251528267472	188.018133369512	186.462661640167	97.1817041215002	69.1219955301405	89.6885547456384	68.8549456825898	85.3006601875692	76.9824333821764	70.0343705235984	124.513370338459	68.0817718340502	74.2975492642424	136.046913711073	138.529663456806	132.629010394951	139.097557886764	118.38301136051	128.2798358452	118.287595675213	120.087958662831	109.611537602141	118.764317268335	4.89008697038986	18.4839042514935	48.4256127494416	17.7612146820953	24.5798485814481	47.7669126067313	28.341994008366	41.4392221666593	0	5.78312193000377
Metagenome_wild10	90.5959094299244	20.9802579552312	111.124137736504	113.244447607676	78.1865805681761	107.726215164513	114.496112311782	96.2046393894896	104.454482223888	116.70645755186	142.092976990711	171.976667532463	157.643454235619	151.210686193923	163.712833352061	182.949887149786	146.993600830432	160.150630724392	190.868547566606	189.258644601921	100.549967995391	69.8714744844662	89.7542181401381	72.0081556329379	85.614624056328	78.7847629666181	72.2830942737552	130.100820330527	72.3483611836166	76.3450217598391	138.991435713395	141.806620762813	135.693405610421	142.006701634111	123.583278227677	131.23995508214	121.558694760251	123.109386017574	112.402497421879	124.269801502487	10.0283460710609	14.4929064089341	45.3882111033954	16.0086353487619	25.6560276703864	42.7393558800177	24.9454045966578	38.2405724534841	5.78312193000377	0
