KO	name	function	Complex	pathway	OG	Pame_1	Pame_2	Pame_3	Pame_4	Pame_5	Pame_6	Pful_1	Pful_2	Pful_3	Pful_4	Pful_5	Pful_6	Esin_1	Esin_2	Esin_3	Esin_4	Esin_5	Esin_6	Bger_1	Bger_2	Bger_3	Bger_4	Bger_5	Bger_6
K03945	NDUFA1	NADH dehydrogenase	Complex I	ko00190	OG0009794	109.71715	124.1487083	171.2781458	54.43910417	152.5697292	87.82635417	194.011325	197.4840292	278.1118333	205.5734958	218.2332625	218.2332625	48.66285833	29.46059583	62.03369167	42.16376667	30.81050833	39.26490833	374.191375	605.6765417	541.3259167	547.6774583	431.8579583	580.1279583
K03949	NDUFA5	NADH dehydrogenase	Complex I	ko00190	OG0006159	97.85222083	109.0273625	150.438125	84.7948375	125.8752917	111.3906083	107.8225875	99.33576458	129.0888792	109.0273625	88.88440417	100.9555417	10.89604208	11.93638458	13.86660708	13.80559958	14.91162	12.32091	29.64282083	36.50381667	45.23015833	29.96690417	26.711675	37.52340417
K03950	NDUFA6	NADH dehydrogenase	Complex I	ko00190	OG0009266	203.355625	201.3548583	218.2332625	170.6623458	239.1296875	208.828	192.8302875	233.7032292	222.9725833	171.2781458	168.9553125	157.2974667	4.577139583	6.50182625	6.967985417	7.2911575	7.906737083	7.540432917	491.083625	571.403125	567.2947917	618.691375	520.9333333	654.70725
K03952	NDUFA8	NADH dehydrogenase	Complex I	ko00190	OG0005651	134.5366583	151.5325917	173.7935333	121.5894792	159.3634958	148.0951958	156.3041542	176.2395208	187.2989167	163.6153125	141.8301333	166.8262833	196.2481125	148.0951958	176.2395208	146.7071708	129.0888792	120.637325	59.29493333	65.79075417	73.57905417	57.28507083	57.0833125	66.94221667
K03953	NDUFA9	NADH dehydrogenase	Complex I	ko00190	OG0004865	126.3767833	127.9594	205.5734958	151.9605	173.2061208	161.8471542	146.7071708	147.5576875	133.6361833	149.2967792	135.2360542	163.6153125	0.003610125	0.004324917	0.009859125	0.00428025	0.004622938	0.003780167	99.93690833	132.7743542	143.0675	121.5894792	112.0085917	120.1511583
K11352	NDUFA12	NADH dehydrogenase	Complex I	ko00190	OG0007254	207.5852792	212.0939417	278.1118333	196.2481125	219.2909875	237.3272333	158.6815	172.4203375	212.0939417	165.0531583	162.1720625	136.5654458	9.695647083	9.944389583	12.0254725	10.95586083	10.9059425	9.79519	169.9728833	245.4346167	261.2659917	235.3382625	190.833725	227.8926833
K11353	NDUFA13	NADH dehydrogenase	Complex I	ko00190	OG0006723	292.13975	323.7093333	401.7306667	294.9796667	321.5734167	367.6379583	332.7856667	332.7856667	364.9005833	305.2479583	316.1929583	290.630625	62.3693	43.45115	74.3574375	56.96980417	54.7756875	53.30376667	87.2458625	90.84233333	94.532175	91.68144583	77.0433	69.6983125
K03955	NDUFAB1	NADH dehydrogenase	Complex I	ko00190	OG0005811	140.8270167	153.3745875	183.4130208	117.6407583	141.8301333	159.3634958	225.4203958	279.4560833	279.4560833	225.4203958	202.411975	204.337375	316.1929583	319.7636667	268.2794167	233.7032292	422.5296667	337.481125	224.1638208	261.2659917	305.2479583	252.2087208	244.2002875	268.2794167
K03960	NDUFB4	NADH dehydrogenase	Complex I	ko00190	OG0007867	458.0700417	511.5802917	726.533875	412.4932917	473.6195417	431.8579583	431.8579583	458.0700417	426.3284167	422.5296667	412.4932917	443.6007083	104.6018625	167.3795917	214.1033042	115.0024375	111.3906083	99.002875	264.6917917	189.3715208	154.6009625	173.2061208	207.5852792	237.3272333
K03962	NDUFB6	NADH dehydrogenase	Complex I	ko00190	OG0006158	266.6114167	301.04625	422.5296667	268.2794167	330.4021667	330.4021667	328.4445417	328.4445417	326.1768333	319.7636667	296.9765833	301.04625	32.03524583	37.57764167	45.40119167	25.914475	31.67242083	24.47349167	35.31416667	48.34490833	45.97006667	40.20966667	34.2537625	44.6498375
K03963	NDUFB7	NADH dehydrogenase	Complex I	ko00190	OG0010060	214.9054125	225.4203958	270.0475	191.8436042	199.4356042	221.9526042	264.6917917	224.1638208	225.4203958	240.27705	240.27705	221.9526042	6.88478125	4.224280417	7.428903333	3.634076667	3.15418125	3.276387083	217.2436042	192.8302875	220.5310708	253.9660583	288.3204167	136.5654458
K03965	NDUFB9	NADH dehydrogenase	Complex I	ko00190	OG0004340	262.577875	279.4560833	326.1768333	252.2087208	323.7093333	303.3175417	255.7498083	313.5303333	240.27705	235.3382625	239.1296875	243.17135	33.30637083	34.30166667	38.125	36.14302917	25.48818333	27.153825	361.275625	387.9845	396.76	364.9005833	391.9398333	367.6379583
K03966	NDUFB10	NADH dehydrogenase	Complex I	ko00190	OG0010289	100.4337875	100.7266833	131.1289792	89.7829	115.7433	125.3583375	97.25925417	100.9555417	118.7385375	75.467125	73.81727917	79.19037083	11.8137275	11.96874583	15.78220333	10.39487542	15.17635417	10.46991958	50.50904583	71.88954583	79.8483375	61.22844167	49.61909167	75.99245833
K03968	NDUFC2	NADH dehydrogenase	Complex I	ko00190	OG0006890	350.4766667	376.988125	567.2947917	296.9765833	407.22675	357.3292083	208.828	208.828	271.817125	204.337375	195.24815	190.833725	0.895899958	0.940745708	0.849199583	0.924365833	0.942203333	0.653594417	337.481125	431.8579583	431.8579583	284.5722917	332.7856667	316.1929583
K03934	NDUFS1	NADH dehydrogenase	Complex I	ko00190	OG0009209	80.61531667	80.89232917	89.7829	84.338275	65.53174167	74.01601667	65.00742083	58.23870417	63.20434167	78.56406667	59.868425	69.04603333	60.46115417	45.47345	56.96980417	37.52340417	33.50292083	44.0298625	43.364725	50.14739167	60.16590417	58.37234167	56.66746667	47.21959583
K03935	NDUFS2	NADH dehydrogenase	Complex I	ko00190	OG0005310	129.8722708	122.4781917	179.9156375	150.438125	144.5163958	151.9605	113.1363375	105.3553042	124.9968333	125.3583375	108.1989875	126.3767833	76.6743625	71.88954583	67.33864167	78.37371667	72.44466667	61.7834375	31.94905417	39.05395	35.74487083	52.12020833	9.325085417	24.087075
K03936	NDUFS3	NADH dehydrogenase	Complex I	ko00190	OG0005194	108.1989875	109.3789667	149.8163333	103.3920542	116.1652042	112.8529292	118.7385375	116.4923083	123.6794125	111.3906083	98.72015417	95.80287917	132.7743542	119.8325792	133.6361833	84.993675	89.95064583	93.5663875	55.785475	70.77558333	72.44466667	67.66879583	61.92038333	70.44539583
K03937	NDUFS4	NADH dehydrogenase	Complex I	ko00190	OG0005370	214.1033042	226.465575	257.6254042	209.7807167	264.6917917	262.577875	165.0531583	178.3630292	159.9327542	187.2989167	165.6991917	129.0888792	882.5557917	833.0094583	1162.694208	673.0764167	479.9855	713.6547917	114.2237542	196.2481125	190.833725	116.1652042	113.5493292	173.7935333
K03938	NDUFS5	NADH dehydrogenase	Complex I	ko00190	OG0004086	136.5654458	157.9633792	191.8436042	115.0024375	160.5867417	146.1685167	122.8866	130.5135125	168.9553125	147.5576875	128.5761333	107.5417125	11.17807458	9.195152083	14.55299375	7.13000625	10.21669875	11.20114	57.28507083	85.6681625	98.14771667	69.55388333	57.81877083	85.6681625
K03942	NDUFV1	NADH dehydrogenase	Complex I	ko00190	OG0007361	83.52416667	86.95718333	96.9067	83.8972125	70.17772083	76.54124583	71.13864583	56.76815833	87.2458625	82.25445417	67.86354167	81.15535	23.94102917	17.83625	20.54697333	16.55221708	20.67513292	17.538875	115.3739958	157.2974667	163.0291042	146.1685167	145.6093958	128.5761333
K03943	NDUFV2	NADH dehydrogenase	Complex I	ko00190	OG0007680	71.69893333	60.46115417	92.5562125	64.73694167	60.86367917	58.15616667	63.20434167	53.03512917	82.8660625	65.3555625	48.66285833	62.790375	12.76028	13.20657208	7.198599583	6.081395	14.80824042	11.57649875	125.3583375	160.5867417	194.011325	143.4941833	137.3228792	151.9605
K00236	SDHC	Succinate dehydrogenase	Complex II	ko00190	OG0008129	702.0503333	567.2947917	1192.118417	571.403125	713.6547917	637.10975	308.3924167	294.9796667	713.6547917	343.0810417	511.5802917	305.2479583	62.56670833	40.16457917	59.51680833	48.25772083	79.67557917	41.33646667	250.7201917	381.498625	326.1768333	311.354	286.4004167	239.1296875
K00237	SDHD	Succinate dehydrogenase	Complex II	ko00190	OG0004238	183.4130208	206.5436042	391.9398333	194.011325	202.411975	245.4346167	200.3959875	225.4203958	294.9796667	214.1033042	357.3292083	205.5734958	0.484940542	0.004324917	0.009859125	0.171097083	0.369843542	0.510205042	468.6217917	663.4088333	535.3006667	596.546125	453.3706667	529.3557083
K00413	CYT1	Cytochrome c reductase	Complex III	ko00190	OG0008384	244.2002875	259.2113083	328.4445417	282.502125	282.502125	296.9765833	374.191375	404.6319167	353.6234167	396.76	391.9398333	404.6319167	21.279625	33.30637083	23.1112625	27.12351667	35.88275417	27.47334167	464.0173333	529.3557083	407.22675	516.7026667	479.9855	453.3706667
K00416	QCR6	Cytochrome c reductase	Complex III	ko00190	OG0005869	173.2061208	192.8302875	230.8376208	131.6889792	192.8302875	162.1720625	282.502125	286.4004167	376.988125	262.577875	250.7201917	259.2113083	11.7567225	15.41773958	21.49174583	12.91147917	9.154900417	9.5918075	404.6319167	499.5129167	529.3557083	426.3284167	361.275625	494.78525
K00417	QCR7	Cytochrome c reductase	Complex III	ko00190	OG0006073	316.1929583	401.7306667	590.1205417	270.0475	353.6234167	407.22675	511.5802917	520.9333333	618.691375	485.0622083	443.6007083	473.6195417	1162.694208	1425.259042	1577.855583	923.3141667	817.6965	833.0094583	319.7636667	567.2947917	562.6065417	453.3706667	381.498625	507.0370833
K02263	COX4	Cytochrome c oxidase	Complex IV	ko00190	OG0009430	1514.958625	1538.273542	1626.7655	1601.633292	1260.833083	1308.811792	985.2041667	1145.847458	1277.440667	985.2041667	909.8932917	985.2041667	2340.981042	2659.485417	1643.874083	1626.7655	2560.272083	2560.272083	748.64325	909.8932917	971.7832083	892.0214583	909.8932917	882.5557917
K02265	COX5B	Cytochrome c oxidase	Complex IV	ko00190	OG0004491	695.789375	773.3960417	882.5557917	556.53575	803.046625	736.39025	872.1317083	1123.218708	860.5139167	1000.817917	1063.533875	1000.817917	499.5129167	535.3006667	436.859	464.0173333	562.6065417	499.5129167	1440.687792	1029.310917	1100.158167	1123.218708	1277.440667	1294.165375
K02266	COX6A	Cytochrome c oxidase	Complex IV	ko00190	OG0004309	2492.966167	2718.209583	4190.652917	3400.859583	2793.986667	3400.859583	3181.698333	3400.859583	3400.859583	3954.303333	3061.550417	2953.952083	284.5722917	520.9333333	330.4021667	426.3284167	547.6774583	255.7498083	1029.310917	1413.6115	1425.259042	1425.259042	1260.833083	1308.811792
K02267	COX6B	Cytochrome c oxidase	Complex IV	ko00190	OG0007585	2953.952083	2953.952083	3061.550417	2953.952083	2492.966167	2560.272083	1048.702292	1371.783375	1457.429708	1234.672167	1130.487458	1174.967375	224.1638208	275.3652917	214.9054125	230.8376208	244.2002875	236.4224708	909.8932917	956.1247083	1000.817917	971.7832083	860.5139167	985.2041667
K02270	COX7A	Cytochrome c oxidase	Complex IV	ko00190	OG0004289	235.3382625	381.498625	364.9005833	243.17135	367.6379583	270.0475	220.5310708	186.3622125	298.6747917	247.2067292	192.8302875	207.5852792	58.84493333	46.14342917	90.65614167	67.86354167	47.8241	47.64622083	596.546125	1063.533875	817.6965	773.3960417	637.10975	748.64325
K02272	COX7C	Cytochrome c oxidase	Complex IV	ko00190	OG0004849	1130.487458	1495.968792	2394.956917	1078.474958	1294.165375	1413.6115	1015.480208	1029.310917	1690.543917	1371.783375	985.2041667	1048.702292	9.4065675	14.93924292	20.61027375	11.51687125	11.61405083	8.009302917	37.155175	70.58618333	71.13864583	56.66746667	31.53407083	53.38006667
K02258	COX11	Cytochrome c oxidase	Complex IV	ko00190	OG0007257	20.18770167	18.51901792	27.49725833	20.33223583	18.87936167	17.72763333	28.58558333	23.03792917	35.133675	22.39706667	23.19094583	22.59695417	18.20703542	17.62409292	19.55388542	15.56286	20.03369417	16.50229125	1.974804583	2.063226083	2.212347458	2.39664625	1.893617292	3.331739167
K02259	COX15	Cytochrome c oxidase	Complex IV	ko00190	OG0006677	83.8972125	84.11103333	69.55388333	64.8831375	50.50904583	49.52119583	58.23870417	51.05395417	56.96980417	56.96980417	63.83856667	60.16590417	20.42592125	18.53140958	15.48561583	11.221425	13.777535	17.96552042	18.16339083	22.90415	19.01857833	24.44343333	16.58732292	17.79327708
K02132	ATP1	F-type ATPase	Complex V	ko00190	OG0008545	1371.783375	1413.6115	1277.440667	1626.7655	1192.118417	1260.833083	939.9280833	1078.474958	833.0094583	923.3141667	939.9280833	817.6965	294.9796667	273.6370833	271.817125	264.6917917	308.3924167	281.116	1078.474958	1078.474958	1123.218708	1130.487458	1234.672167	1078.474958
K02127	ATP4	F-type ATPase	Complex V	ko00190	OG0004873	923.3141667	1100.158167	1234.672167	1145.847458	1174.967375	1130.487458	541.3259167	547.6774583	453.3706667	511.5802917	571.403125	485.0622083	618.691375	571.403125	431.8579583	499.5129167	605.6765417	562.6065417	817.6965	788.3220833	788.3220833	761.0383333	761.0383333	860.5139167
K02131	ATP5J	F-type ATPase	Complex V	ko00190	OG0008453	168.9553125	174.3855375	337.481125	138.6774542	294.9796667	194.011325	611.1043333	663.4088333	654.70725	695.789375	673.0764167	695.789375	152.5697292	203.355625	194.011325	186.3622125	129.8722708	121.5894792	1234.672167	1806.844167	1562.302875	1457.429708	1162.694208	1538.273542
K02130	ATP5J2	F-type ATPase	Complex V	ko00190	OG0010360	2222.114125	2793.986667	2953.952083	1915.007375	3061.550417	2394.956917	1915.007375	2222.114125	2340.981042	2492.966167	1831.891083	1781.586333	923.3141667	860.5139167	872.1317083	833.0094583	985.2041667	748.64325	872.1317083	1000.817917	1015.480208	833.0094583	803.046625	1087.2495
K02138	ATP7	F-type ATPase	Complex V	ko00190	OG0007287	367.6379583	364.9005833	458.0700417	284.5722917	404.6319167	328.4445417	391.9398333	407.22675	431.8579583	391.9398333	404.6319167	374.191375	264.6917917	233.7032292	210.721675	183.4130208	364.9005833	282.502125	163.6153125	164.5016667	144.5163958	135.2360542	115.0024375	175.3808625
K02128	ATP9	F-type ATPase	Complex V	ko00190	OG0005999	2718.209583	3061.550417	2659.485417	3639.656667	3639.656667	3639.656667	4190.652917	3061.550417	3061.550417	2953.952083	3181.698333	2793.986667	2285.314958	2793.986667	1983.224708	1983.224708	2340.981042	2394.956917	1192.118417	1087.2495	1294.165375	1384.098167	1327.393	956.1247083
K02134	ATP16	F-type ATPase	Complex V	ko00190	OG0006639	605.6765417	702.0503333	860.5139167	637.10975	872.1317083	726.533875	473.6195417	473.6195417	396.76	431.8579583	494.78525	381.498625	0.003610125	0.004324917	0.009859125	0.00428025	0.004622938	0.003780167	323.7093333	449.6907917	357.3292083	321.5734167	268.2794167	396.76
K02140	ATP20	F-type ATPase	Complex V	ko00190	OG0009576	2394.956917	2560.272083	3400.859583	1781.586333	2340.981042	2057.698333	1476.7495	1562.302875	1885.987125	1690.543917	1577.855583	1476.7495	556.53575	663.4088333	726.533875	485.0622083	443.6007083	396.76	376.988125	562.6065417	494.78525	468.6217917	343.0810417	541.3259167
K02111	ATPA	F-type ATPase	Complex V	ko00190	OG0008545	1371.783375	1413.6115	1277.440667	1626.7655	1192.118417	1260.833083	939.9280833	1078.474958	833.0094583	923.3141667	939.9280833	817.6965	294.9796667	273.6370833	271.817125	264.6917917	308.3924167	281.116	1078.474958	1078.474958	1123.218708	1130.487458	1234.672167	1078.474958