wild01	wild02	wild03	wild04	wild05	wild06	wild07	wild08	wild09	wild10	lab01	lab02	lab03	lab04	lab05	lab06	lab07	lab08	lab09	lab10	fam01	fam02	fam03	fam04	fam05	fam06	fam07	fam08	fam09	fam10	res01	res02	res03	res04	res05	res06	res07	res08	res09	res10	hos01	hos02	hos03	hos04	hos05	hos06	hos07	hos08	hos09	hos10
wild01	0	0.0322940722780637	0.0401422007138285	0.0289746736622553	0.0392373905009449	0.0172948584126976	0.0281817101406853	0.0186194224068531	0.0275582284676653	0.0309648674653892	0.496511028267066	0.50265805977518	0.509002737879833	0.473997094104956	0.492948289861266	0.541755183681221	0.518644012765663	0.549484542520561	0.471734608359933	0.512605212846894	0.524660659258929	0.444931052835965	0.536659161792584	0.47373565582767	0.487674995331178	0.611262161143286	0.50524901291404	0.486844245085574	0.508134693140777	0.472053752090049	0.479136700678013	0.441686766038378	0.459994465554814	0.522554877636274	0.435397245292399	0.512370266357829	0.456974429266955	0.490605364989857	0.475095046202763	0.468017348636371	0.477793424675141	0.501799110539616	0.459659340779127	0.514773977114215	0.452653726168042	0.490115477713825	0.455074358861888	0.456560117734944	0.470533052146078	0.453174405371001
wild02	0.0322940722780637	0	0.0277975540546598	0.0311478110365054	0.0448537631817209	0.0236037513791486	0.0242741284993566	0.0254602703731638	0.019098361489634	0.0401069082008256	0.49162978900995	0.496565694471385	0.500315069361517	0.470243732652937	0.487723895431447	0.533067908398495	0.509389512086549	0.537598240703254	0.464150383856583	0.501213005404458	0.510539718150305	0.437621630933879	0.524805394888506	0.46282875695901	0.477174526350092	0.615998899101424	0.496832024776625	0.477162412225784	0.499970558034548	0.462103469868955	0.465146992041642	0.437604440567344	0.45275399744072	0.508316485758335	0.431170372244606	0.50310187983283	0.448753391735043	0.483069945860819	0.470875811715491	0.457768970699467	0.471411969419593	0.492383172292302	0.448330825771326	0.513852517177679	0.445417931876777	0.481958471072159	0.447165513527328	0.456356071907656	0.460997165474489	0.449791090734294
wild03	0.0401422007138285	0.0277975540546598	0	0.0435331031131183	0.0568445810564439	0.0352006774345538	0.0295294428374882	0.0238140921328036	0.0345638746301528	0.0524296481417079	0.499722219149904	0.49656787878271	0.507944021628446	0.457650247506385	0.487725701789612	0.538013773968719	0.502292378353833	0.538462896276369	0.466412917798661	0.513179548376103	0.518579371546804	0.43698030453007	0.520101024884838	0.456650832717327	0.47109921797856	0.616146391720913	0.497106387810706	0.478213186868925	0.484839675806856	0.464799515205684	0.45286722530859	0.430096594494355	0.443492796743209	0.49807839427827	0.420031849057662	0.503038583198793	0.439763152008878	0.473436269750968	0.463285721252116	0.457611081560941	0.462727242984381	0.48423828198121	0.431604949732276	0.509852859520802	0.434074970900491	0.472892377199858	0.42485824029976	0.441168748650946	0.458325992185665	0.443749156015952
wild04	0.0289746736622553	0.0311478110365054	0.0435331031131183	0	0.0309409441299593	0.0281271602765577	0.0171570533832578	0.0281312511248897	0.0145004104032792	0.0273353481390364	0.477405206260813	0.476544861319622	0.488717894787246	0.46244006615256	0.480530230782964	0.524552606717964	0.50995299678522	0.534171245723442	0.465355223443217	0.487117891154835	0.500060758723686	0.434487037511634	0.514371300570031	0.464359013067715	0.480483110583601	0.583694160350594	0.486848697815401	0.469637009546044	0.496306064148668	0.449385442044385	0.463729482978236	0.422390196358762	0.44981775649469	0.506637541162023	0.417826061667652	0.49757878721505	0.439413575363392	0.479625467350103	0.466024271655652	0.45430490739541	0.462662782464119	0.487646477329452	0.450024877014245	0.49322861232573	0.436309369780523	0.473232598092106	0.453274901718722	0.447267756771646	0.467588557485828	0.435392086575273
wild05	0.0392373905009449	0.0448537631817209	0.0568445810564439	0.0309409441299593	0	0.0390598754751255	0.0347790843446184	0.0375397828463309	0.0309818614204058	0.0122377263274657	0.498636651327444	0.493542241986337	0.510138736933483	0.477789774936586	0.501751340137412	0.53949665427403	0.529697121857003	0.549177053957539	0.489652741002801	0.507188427721007	0.51575080100923	0.455921715961416	0.535712747584363	0.483144832352878	0.496789655673225	0.588571863267657	0.504286377912636	0.48257938140451	0.513167288584403	0.471437469159247	0.478360242934668	0.44273270676985	0.465656073009942	0.527229131063706	0.432773489743966	0.518650556462016	0.45264116124791	0.500166386003927	0.484676666928576	0.4749858261164	0.476918273928803	0.501850296457399	0.464906761096204	0.49677261666015	0.451895852631397	0.487411762121675	0.467659278098561	0.462027929532819	0.482480100386687	0.455215630527712
wild06	0.0172948584126976	0.0236037513791486	0.0352006774345538	0.0281271602765577	0.0390598754751255	0	0.0253939234951595	0.0209936852830196	0.0220806919319553	0.0321593624250885	0.489992848873225	0.495807224058972	0.501834573921671	0.468946076570364	0.485422717819192	0.533790724219102	0.511176732810088	0.540485829547705	0.463903342669116	0.503024034360897	0.515030573605435	0.437212459697567	0.527365157178782	0.465961617816423	0.478981315293068	0.609785817000735	0.497374103758846	0.477729885638798	0.501713250993451	0.462992444111733	0.46509659358158	0.434573694919052	0.452503147215091	0.51444288921405	0.430116368237369	0.501666901032169	0.448019391812118	0.482644619068647	0.470331152406102	0.459502273071236	0.469172285563013	0.490856811535204	0.450803668090549	0.510073874962428	0.443997422111743	0.482042828115055	0.447660376759122	0.452824617856673	0.461411515212577	0.447070107161671
wild07	0.0281817101406853	0.0242741284993566	0.0295294428374882	0.0171570533832578	0.0347790843446184	0.0253939234951595	0	0.0215258345060677	0.0153534482440806	0.0297733825166854	0.486807593727736	0.482104839643777	0.494912681666254	0.460789820830558	0.484506218825044	0.529939274908872	0.507777239747687	0.536045491493712	0.467537641647335	0.496643449719581	0.507228393769845	0.437421093321232	0.51683139511807	0.46240888999448	0.47919704229628	0.592496441554571	0.491591720457809	0.47383030017045	0.492351335778969	0.456387878788859	0.461533548199824	0.426536106731367	0.449652396005521	0.50524827754573	0.419073248384708	0.499078365979182	0.439173260669518	0.477105048582808	0.465694455443832	0.456504384433125	0.462134173581101	0.486256508963521	0.445146453796056	0.49969904693158	0.436170864091109	0.470737090744704	0.443518630310695	0.445178152444647	0.463872662490478	0.436184152989477
wild08	0.0186194224068531	0.0254602703731638	0.0238140921328036	0.0281312511248897	0.0375397828463309	0.0209936852830196	0.0215258345060677	0	0.0229466453457432	0.0306411435801114	0.502126740646399	0.50049498044642	0.511901757462069	0.467298453207598	0.494394652153326	0.542956876396597	0.513423412270947	0.547114982220435	0.469705880338958	0.515723155289889	0.523557519116796	0.445602105306863	0.531673763947014	0.466133561732676	0.482389206050992	0.613363849962463	0.504320615776505	0.485360854361436	0.500435539451195	0.471453030404347	0.469184463812542	0.438515455052366	0.454705535501992	0.513109963021943	0.430811425029816	0.511034782564891	0.452384148095216	0.487111084643727	0.471708234113692	0.466467468254714	0.471197347558522	0.496411339215525	0.447620388952551	0.510398890015769	0.446472314016544	0.485366999943301	0.444280631664085	0.452045612557287	0.469532334547764	0.450911426821408
wild09	0.0275582284676653	0.019098361489634	0.0345638746301528	0.0145004104032792	0.0309818614204058	0.0220806919319553	0.0153534482440806	0.0229466453457432	0	0.0264129122973449	0.485847834316512	0.487364329565219	0.496580087686786	0.466611405413175	0.486133036504062	0.531629350997915	0.513593140952273	0.538192351033767	0.466480891860889	0.497013464929679	0.506455886373332	0.437519277340369	0.522647497541324	0.467848423932858	0.482497436904916	0.5982099227086	0.495467685548767	0.476278824591305	0.50024419361059	0.457724342791863	0.466689180517768	0.430819272665465	0.453099968365356	0.508295711392808	0.425672473484688	0.500750210343967	0.444516078311942	0.482328901616385	0.466087791929762	0.457360288590615	0.465992077888601	0.490010017482027	0.44929674701545	0.50511278830674	0.439103310886791	0.477469874259799	0.449793511959164	0.44986121465063	0.463011332765254	0.441628853411756
wild10	0.0309648674653892	0.0401069082008256	0.0524296481417079	0.0273353481390364	0.0122377263274657	0.0321593624250885	0.0297733825166854	0.0306411435801114	0.0264129122973449	0	0.496425823784703	0.494512407477085	0.508451276705052	0.476202399919037	0.498697172352834	0.539424551085645	0.528548745200617	0.549322312741302	0.484868864083067	0.507279671202839	0.516007569356044	0.453011086162522	0.536214912409849	0.480766110128085	0.493968567876368	0.595054957878339	0.504055398505741	0.482878833740952	0.512607428422627	0.469720568117824	0.477762563959341	0.441660122717325	0.463995141663707	0.524475425726823	0.433396671902874	0.515205028665366	0.452316838603466	0.49723800327645	0.482879435836424	0.471729301105475	0.475741183164104	0.501545042878079	0.463513890306153	0.500947073285454	0.452203001357651	0.487977378127467	0.465953251833738	0.460482314312474	0.479199432561672	0.45405663936241
lab01	0.496511028267066	0.49162978900995	0.499722219149904	0.477405206260813	0.498636651327444	0.489992848873225	0.486807593727736	0.502126740646399	0.485847834316512	0.496425823784703	0	0.234670110382515	0.24009262326288	0.288810740870473	0.208321804757126	0.277049642086437	0.361890085064126	0.316888680833207	0.27803550155701	0.210325397000649	0.249718166572671	0.18094525778653	0.232501565880849	0.270778378947988	0.25575029300205	0.420862620182079	0.255839108676087	0.190946504061109	0.313933320006178	0.207079721995154	0.257496304329064	0.200917052255798	0.228253830324496	0.275667858914909	0.272495827215218	0.302161022339633	0.249109098975927	0.27638458748518	0.188653434244563	0.185573910486388	0.237101421979556	0.226869851003141	0.25731475499273	0.308891486100173	0.240845259822722	0.265883893626359	0.307078370356558	0.275556515270263	0.227610331286431	0.230487095075993
lab02	0.50265805977518	0.496565694471385	0.49656787878271	0.476544861319622	0.493542241986337	0.495807224058972	0.482104839643777	0.50049498044642	0.487364329565219	0.494512407477085	0.234670110382515	0	0.195872512803556	0.280947975776648	0.20275564544322	0.217221863973418	0.343714378374667	0.270110239215057	0.304642226982367	0.189453699341888	0.194156983934253	0.232066642637158	0.229411832598164	0.264440592214981	0.27596206066027	0.317146417210779	0.181426746721304	0.190837161589742	0.285428745527241	0.157315811081318	0.180990610730661	0.161612822969135	0.216326661709749	0.261577869427435	0.228980939485638	0.233147057428561	0.19985921262758	0.212623010846988	0.230094424469951	0.244846182710579	0.170023781703443	0.176932358926101	0.233067525597828	0.230130392369518	0.184268796147273	0.220520141768131	0.275288878084039	0.27623600089838	0.280160419365511	0.181952575045028
lab03	0.509002737879833	0.500315069361517	0.507944021628446	0.488717894787246	0.510138736933483	0.501834573921671	0.494912681666254	0.511901757462069	0.496580087686786	0.508451276705052	0.24009262326288	0.195872512803556	0	0.332199788565665	0.210849466768646	0.21643443278135	0.38321965658966	0.278614099718396	0.294211606098446	0.189852277001908	0.243842681880339	0.224750457111631	0.269740394013029	0.295890946656791	0.302467898547148	0.366134490969917	0.204035902120005	0.229678218938982	0.349424681213657	0.198130234071521	0.255687070466276	0.214615300405861	0.253836323997802	0.302717282807432	0.296399975804738	0.257894628537509	0.255150148909709	0.236817537596699	0.259010579320448	0.25387054801421	0.219360133262915	0.230971403511559	0.29161307762743	0.265018869822007	0.222216064983219	0.262099212178456	0.296474957184187	0.312422085142222	0.258601754019527	0.240782304998537
lab04	0.473997094104956	0.470243732652937	0.457650247506385	0.46244006615256	0.477789774936586	0.468946076570364	0.460789820830558	0.467298453207598	0.466611405413175	0.476202399919037	0.288810740870473	0.280947975776648	0.332199788565665	0	0.25293480219803	0.339548330189223	0.346885005274609	0.351936772545148	0.235688176319623	0.324695663890045	0.300868159846072	0.301782696500817	0.281863843563371	0.260940232761971	0.273782876501839	0.470478862961659	0.275688381138271	0.252742769042672	0.295332209287287	0.24375840964417	0.230815638290057	0.203831845369009	0.234190818853166	0.271922126373238	0.198486924867745	0.342944495663832	0.227651737255909	0.297087630286536	0.26902127146438	0.297262821611634	0.259149269152386	0.252824788268329	0.19841098404942	0.25594476377681	0.263641995467582	0.281822949985803	0.272149988863873	0.197207418698203	0.343293546285194	0.314765501544665
lab05	0.492948289861266	0.487723895431447	0.487725701789612	0.480530230782964	0.501751340137412	0.485422717819192	0.484506218825044	0.494394652153326	0.486133036504062	0.498697172352834	0.208321804757126	0.20275564544322	0.210849466768646	0.25293480219803	0	0.19965750050993	0.319489052666677	0.233520368190746	0.206154161434553	0.191618845422055	0.218399472062737	0.200737536415443	0.209179835522208	0.187448282695452	0.185515436983807	0.412498227892215	0.170572419700322	0.166132309716873	0.270053981126775	0.140200613189826	0.189543169954167	0.148144313425352	0.177883682184607	0.210495760943192	0.23378706918461	0.215821994475966	0.211064967530901	0.189846789515219	0.189431332715718	0.225279331033606	0.171794088202486	0.17745504703324	0.196962716565637	0.233096039725135	0.185887754513575	0.241316669743506	0.255038436585397	0.20362042987664	0.216490272647627	0.227201524371064
lab06	0.541755183681221	0.533067908398495	0.538013773968719	0.524552606717964	0.53949665427403	0.533790724219102	0.529939274908872	0.542956876396597	0.531629350997915	0.539424551085645	0.277049642086437	0.217221863973418	0.21643443278135	0.339548330189223	0.19965750050993	0	0.384888171644688	0.137699721099586	0.331181441195067	0.24216996822867	0.276736411311614	0.283796387500826	0.287055091585435	0.291446887223366	0.290292267084287	0.430280841430779	0.0558294469962151	0.238200441174861	0.367560278805707	0.221159355357996	0.268511282823747	0.228178674291261	0.231030756704557	0.334974362635289	0.314635405586585	0.284972407706161	0.274731525370893	0.242295964854159	0.280897140045355	0.306945093482556	0.250709183504772	0.236137887754204	0.318241839079807	0.266130941827242	0.252668662618239	0.285253122724604	0.268435718685046	0.323713710820348	0.327798088172913	0.303464477315321
lab07	0.518644012765663	0.509389512086549	0.502292378353833	0.50995299678522	0.529697121857003	0.511176732810088	0.507777239747687	0.513423412270947	0.513593140952273	0.528548745200617	0.361890085064126	0.343714378374667	0.38321965658966	0.346885005274609	0.319489052666677	0.384888171644688	0	0.151761760672017	0.398547563210901	0.369563081474928	0.356156430115386	0.343111737560097	0.220107869220858	0.226475020300894	0.191642534516571	0.444763866024611	0.346814349755702	0.335341818594342	0.157113036314577	0.326347924232786	0.331054694761882	0.317135984369064	0.348716672005369	0.203591526513722	0.333549178455502	0.278816978807455	0.332957940342991	0.275949890733566	0.377861588875378	0.340130464905906	0.356937277162885	0.363222682307299	0.330606000846586	0.3730092358871	0.347137575796078	0.376999832982004	0.367694286043562	0.376376945135442	0.395806855347917	0.375346930131449
lab08	0.549484542520561	0.537598240703254	0.538462896276369	0.534171245723442	0.549177053957539	0.540485829547705	0.536045491493712	0.547114982220435	0.538192351033767	0.549322312741302	0.316888680833207	0.270110239215057	0.278614099718396	0.351936772545148	0.233520368190746	0.137699721099586	0.151761760672017	0	0.367939302183437	0.298293056148098	0.31427002617261	0.318240202012227	0.214313400369352	0.22056221634394	0.192855002152571	0.415528257221423	0.147635987376828	0.279832934782622	0.220960866416134	0.270543205267299	0.302607407531706	0.269692866820301	0.27952341292093	0.242132090904218	0.332913694872827	0.251517618280887	0.310298128781555	0.22450219663016	0.330003828962272	0.339434963792938	0.306789347202658	0.294491431256122	0.335219537698091	0.301845264869645	0.302761227364388	0.340347037967426	0.307938031982976	0.358884241508422	0.374615348706951	0.35225895086012
lab09	0.471734608359933	0.464150383856583	0.466412917798661	0.465355223443217	0.489652741002801	0.463903342669116	0.467537641647335	0.469705880338958	0.466480891860889	0.484868864083067	0.27803550155701	0.304642226982367	0.294211606098446	0.235688176319623	0.206154161434553	0.331181441195067	0.398547563210901	0.367939302183437	0	0.300600023810466	0.272997625997795	0.249541130844766	0.294997328061881	0.259274994066306	0.28209453190454	0.521867199011105	0.301029190743776	0.226169566884065	0.370896379808566	0.22116182983819	0.286503578895231	0.227246637800765	0.243029061893964	0.279824637104509	0.290577944246905	0.276303735535865	0.30153029372734	0.268152842530044	0.258968072746922	0.27575018387886	0.251660431839907	0.279084820512778	0.247988493885752	0.324895778599098	0.288589934450164	0.324430351193776	0.329001942060721	0.251896151670176	0.275112844485367	0.329604200025297
lab10	0.512605212846894	0.501213005404458	0.513179548376103	0.487117891154835	0.507188427721007	0.503024034360897	0.496643449719581	0.515723155289889	0.497013464929679	0.507279671202839	0.210325397000649	0.189453699341888	0.189852277001908	0.324695663890045	0.191618845422055	0.24216996822867	0.369563081474928	0.298293056148098	0.300600023810466	0	0.181643912658614	0.177613663647741	0.266139175972059	0.28268315564522	0.274647203018396	0.359069007832235	0.221460134108951	0.178799561469027	0.324328844411934	0.143108675307225	0.205340401341295	0.17064286521137	0.235314054010157	0.26686247315335	0.268761550110754	0.212967539465346	0.218596259327494	0.213557384580736	0.239701266999666	0.206700770957849	0.183126582220645	0.19605961606569	0.255291918097567	0.25854441383831	0.188868156392099	0.213349376657799	0.326200380528365	0.301074758574663	0.20937866110803	0.190068478693193
fam01	0.524660659258929	0.510539718150305	0.518579371546804	0.500060758723686	0.51575080100923	0.515030573605435	0.507228393769845	0.523557519116796	0.506455886373332	0.516007569356044	0.249718166572671	0.194156983934253	0.243842681880339	0.300868159846072	0.218399472062737	0.276736411311614	0.356156430115386	0.31427002617261	0.272997625997795	0.181643912658614	0	0.205698498623357	0.256439293467765	0.287165690534465	0.290053310499827	0.384306762000405	0.238372589484653	0.181601226731776	0.333114760106004	0.155487016227755	0.186667547360367	0.192290053999752	0.260716808310657	0.262092685827302	0.232138315137237	0.199671080133219	0.213934868217726	0.218397242011744	0.260629555498314	0.226354743645171	0.183440528597066	0.219466008075481	0.238677510653174	0.271009006267059	0.211832886951664	0.243341505480122	0.353298673328497	0.294305911357817	0.269817337983001	0.227487834642443
fam02	0.444931052835965	0.437621630933879	0.43698030453007	0.434487037511634	0.455921715961416	0.437212459697567	0.437421093321232	0.445602105306863	0.437519277340369	0.453011086162522	0.18094525778653	0.232066642637158	0.224750457111631	0.301782696500817	0.200737536415443	0.283796387500826	0.343111737560097	0.318240202012227	0.249541130844766	0.177613663647741	0.205698498623357	0	0.255083307558982	0.253559840974927	0.256031388538661	0.448970950459514	0.254986159785488	0.166344222623652	0.309147635544429	0.163373586881847	0.200931848823327	0.1681711424378	0.226596652626581	0.228143891533411	0.264558784200109	0.201502706541322	0.226354296311212	0.200514111300456	0.178873576790802	0.0994892998608861	0.17582912125982	0.201788000082649	0.20178123475518	0.311947759954336	0.193084539540183	0.224604240557146	0.294169314052935	0.277125220969454	0.146177980913132	0.181058869544748
fam03	0.536659161792584	0.524805394888506	0.520101024884838	0.514371300570031	0.535712747584363	0.527365157178782	0.51683139511807	0.531673763947014	0.522647497541324	0.536214912409849	0.232501565880849	0.229411832598164	0.269740394013029	0.281863843563371	0.209179835522208	0.287055091585435	0.220107869220858	0.214313400369352	0.294997328061881	0.266139175972059	0.256439293467765	0.255083307558982	0	0.184113320771773	0.170418907561081	0.373659178819355	0.257537439465892	0.197657640784794	0.180925039794744	0.21133852769927	0.259558212443714	0.20300538471508	0.232818063633919	0.169756212463048	0.263865319991172	0.269006012011406	0.256255123248424	0.251291507440186	0.266649721291363	0.258525311535693	0.260753478036111	0.244832405222865	0.246994976697808	0.275356867679818	0.262354004176972	0.283249917797419	0.309152604953139	0.291220345945478	0.310623619635071	0.282867005202578
fam04	0.47373565582767	0.46282875695901	0.456650832717327	0.464359013067715	0.483144832352878	0.465961617816423	0.46240888999448	0.466133561732676	0.467848423932858	0.480766110128085	0.270778378947988	0.264440592214981	0.295890946656791	0.260940232761971	0.187448282695452	0.291446887223366	0.226475020300894	0.22056221634394	0.259274994066306	0.28268315564522	0.287165690534465	0.253559840974927	0.184113320771773	0	0.135610611227373	0.443577945333491	0.258066862784067	0.223439120724687	0.215334052355572	0.211070808558322	0.255172204021829	0.181907764896235	0.213210099044215	0.190026822411137	0.251643727497709	0.264705462796995	0.263279700467797	0.244223039816037	0.261017847580415	0.285061056367628	0.262165550482514	0.25096894040978	0.216590334450561	0.264330163381644	0.256869198872508	0.305941838606173	0.284032093788565	0.284284446356029	0.304347368505051	0.307720907803293
fam05	0.487674995331178	0.477174526350092	0.47109921797856	0.480483110583601	0.496789655673225	0.478981315293068	0.47919704229628	0.482389206050992	0.482497436904916	0.493968567876368	0.25575029300205	0.27596206066027	0.302467898547148	0.273782876501839	0.185515436983807	0.290292267084287	0.191642534516571	0.192855002152571	0.28209453190454	0.274647203018396	0.290053310499827	0.256031388538661	0.170418907561081	0.135610611227373	0	0.437840497920493	0.256139947731657	0.219520598334014	0.194381356147373	0.211918203020881	0.245458818360211	0.193883099731721	0.213216613377495	0.189038267744048	0.258696955453532	0.270719586039024	0.253304756924143	0.253214231806227	0.278813225840746	0.278606353517188	0.268659974988465	0.251435454679312	0.21917682059958	0.284970111628611	0.265863505160137	0.299706448856581	0.308305185862907	0.282994904616216	0.300314830232736	0.317116057317443
fam06	0.611262161143286	0.615998899101424	0.616146391720913	0.583694160350594	0.588571863267657	0.609785817000735	0.592496441554571	0.613363849962463	0.5982099227086	0.595054957878339	0.420862620182079	0.317146417210779	0.366134490969917	0.470478862961659	0.412498227892215	0.430280841430779	0.444763866024611	0.415528257221423	0.521867199011105	0.359069007832235	0.384306762000405	0.448970950459514	0.373659178819355	0.443577945333491	0.437840497920493	0	0.402207993763998	0.410848583320401	0.389452442819382	0.388610587897048	0.392237105086803	0.392715289752047	0.412060796033982	0.389399027191411	0.409539599369453	0.396448948940495	0.369677472134858	0.393750649768146	0.420520842670256	0.436020811521026	0.377551215287247	0.391039896240104	0.45757082130738	0.359223026587632	0.354378955618357	0.368767876942782	0.468087883546049	0.451953975911614	0.452057326522276	0.354846106261207
fam07	0.50524901291404	0.496832024776625	0.497106387810706	0.486848697815401	0.504286377912636	0.497374103758846	0.491591720457809	0.504320615776505	0.495467685548767	0.504055398505741	0.255839108676087	0.181426746721304	0.204035902120005	0.275688381138271	0.170572419700322	0.0558294469962151	0.346814349755702	0.147635987376828	0.301029190743776	0.221460134108951	0.238372589484653	0.254986159785488	0.257537439465892	0.258066862784067	0.256139947731657	0.402207993763998	0	0.204738047735969	0.314012078370147	0.176924980615326	0.206827466557221	0.186524132333675	0.200456686904437	0.289565268541395	0.187892687880054	0.238344301849422	0.17338184843773	0.197635346768106	0.252319155192117	0.272565775832032	0.206574278227359	0.197315774968505	0.258927601785955	0.218916689956637	0.204880701672514	0.2442377791462	0.241062261976143	0.269356883609689	0.303734178365076	0.26207047774738
fam08	0.486844245085574	0.477162412225784	0.478213186868925	0.469637009546044	0.48257938140451	0.477729885638798	0.47383030017045	0.485360854361436	0.476278824591305	0.482878833740952	0.190946504061109	0.190837161589742	0.229678218938982	0.252742769042672	0.166132309716873	0.238200441174861	0.335341818594342	0.279832934782622	0.226169566884065	0.178799561469027	0.181601226731776	0.166344222623652	0.197657640784794	0.223439120724687	0.219520598334014	0.410848583320401	0.204738047735969	0	0.288185291781843	0.132357638538479	0.189822412227032	0.148699232537012	0.192878465167564	0.228760739519522	0.221203159951566	0.239857086014605	0.197357624307836	0.22682226481521	0.189854401349424	0.203664047152815	0.171579645605042	0.175313211269321	0.191836056417423	0.223450701578272	0.190963974354415	0.220103395271412	0.283392832844691	0.245735268037971	0.222940961313008	0.232580521230324
fam09	0.508134693140777	0.499970558034548	0.484839675806856	0.496306064148668	0.513167288584403	0.501713250993451	0.492351335778969	0.500435539451195	0.50024419361059	0.512607428422627	0.313933320006178	0.285428745527241	0.349424681213657	0.295332209287287	0.270053981126775	0.367560278805707	0.157113036314577	0.220960866416134	0.370896379808566	0.324328844411934	0.333114760106004	0.309147635544429	0.180925039794744	0.215334052355572	0.194381356147373	0.389452442819382	0.314012078370147	0.288185291781843	0	0.275145752903348	0.280381106342505	0.252242013160412	0.29225667757976	0.153915489144374	0.275185866305667	0.289382398458679	0.284910106403185	0.263254451865829	0.303661105190787	0.309580831102184	0.290548083615504	0.29396471120617	0.265690955345741	0.325073573497878	0.279398697257281	0.334636378036153	0.311567571524468	0.279670139087072	0.340789757492777	0.289328873755052
fam10	0.472053752090049	0.462103469868955	0.464799515205684	0.449385442044385	0.471437469159247	0.462992444111733	0.456387878788859	0.471453030404347	0.457724342791863	0.469720568117824	0.207079721995154	0.157315811081318	0.198130234071521	0.24375840964417	0.140200613189826	0.221159355357996	0.326347924232786	0.270543205267299	0.22116182983819	0.143108675307225	0.155487016227755	0.163373586881847	0.21133852769927	0.211070808558322	0.211918203020881	0.388610587897048	0.176924980615326	0.132357638538479	0.275145752903348	0	0.152318764920638	0.1170083770346	0.175810668083817	0.213169458613292	0.190247869081297	0.185152877680487	0.176899313773416	0.182160566483746	0.199387865199738	0.18384342288001	0.136305601150219	0.16568120372464	0.171784216129107	0.200220326969928	0.153846359411125	0.214924693084379	0.271059317803813	0.217614659995838	0.211748724490699	0.175091245106263
res01	0.479136700678013	0.465146992041642	0.45286722530859	0.463729482978236	0.478360242934668	0.46509659358158	0.461533548199824	0.469184463812542	0.466689180517768	0.477762563959341	0.257496304329064	0.180990610730661	0.255687070466276	0.230815638290057	0.189543169954167	0.268511282823747	0.331054694761882	0.302607407531706	0.286503578895231	0.205340401341295	0.186667547360367	0.200931848823327	0.259558212443714	0.255172204021829	0.245458818360211	0.392237105086803	0.206827466557221	0.189822412227032	0.280381106342505	0.152318764920638	0	0.143935443080606	0.179962865705701	0.231116267875881	0.17770577765412	0.214416980898081	0.13826880026196	0.185492641750038	0.216822902781793	0.198733594254486	0.103431481534573	0.128572513218482	0.15914194521352	0.237652238798998	0.13425737807534	0.167091817039742	0.249433177065611	0.244468205838528	0.233771363007539	0.207374872739983
res02	0.441686766038378	0.437604440567344	0.430096594494355	0.422390196358762	0.44273270676985	0.434573694919052	0.426536106731367	0.438515455052366	0.430819272665465	0.441660122717325	0.200917052255798	0.161612822969135	0.214615300405861	0.203831845369009	0.148144313425352	0.228178674291261	0.317135984369064	0.269692866820301	0.227246637800765	0.17064286521137	0.192290053999752	0.1681711424378	0.20300538471508	0.181907764896235	0.193883099731721	0.392715289752047	0.186524132333675	0.148699232537012	0.252242013160412	0.1170083770346	0.143935443080606	0	0.153169681750229	0.203345405070272	0.185638866214795	0.220506803632356	0.174718853783164	0.189458309577609	0.178206439994274	0.189665187084996	0.143498056854419	0.141064348767804	0.130201622885386	0.21204659254852	0.140245673166896	0.203864421573499	0.219455737779992	0.21525206634947	0.220585746354095	0.185264535673246
res03	0.459994465554814	0.45275399744072	0.443492796743209	0.44981775649469	0.465656073009942	0.452503147215091	0.449652396005521	0.454705535501992	0.453099968365356	0.463995141663707	0.228253830324496	0.216326661709749	0.253836323997802	0.234190818853166	0.177883682184607	0.231030756704557	0.348716672005369	0.27952341292093	0.243029061893964	0.235314054010157	0.260716808310657	0.226596652626581	0.232818063633919	0.213210099044215	0.213216613377495	0.412060796033982	0.200456686904437	0.192878465167564	0.29225667757976	0.175810668083817	0.179962865705701	0.153169681750229	0	0.251538605865018	0.217572789992938	0.268140567563537	0.18871738926077	0.228617781136156	0.209486362655335	0.237145426733503	0.191360141336595	0.167858235105213	0.182279301802326	0.269079090728266	0.168751712140333	0.207712977858662	0.239085799956928	0.252118214891016	0.232112892796278	0.245292596691738
res04	0.522554877636274	0.508316485758335	0.49807839427827	0.506637541162023	0.527229131063706	0.51444288921405	0.50524827754573	0.513109963021943	0.508295711392808	0.524475425726823	0.275667858914909	0.261577869427435	0.302717282807432	0.271922126373238	0.210495760943192	0.334974362635289	0.203591526513722	0.242132090904218	0.279824637104509	0.26686247315335	0.262092685827302	0.228143891533411	0.169756212463048	0.190026822411137	0.189038267744048	0.389399027191411	0.289565268541395	0.228760739519522	0.153915489144374	0.213169458613292	0.231116267875881	0.203345405070272	0.251538605865018	0	0.256295720253568	0.219355064895087	0.247148130632664	0.215993099795755	0.24845627178986	0.226355914544811	0.217013858507868	0.245584693318181	0.204967210686098	0.313899582247289	0.235754782120026	0.283088114365681	0.307980983935313	0.266032033399378	0.253560668091631	0.259432880370767
res05	0.435397245292399	0.431170372244606	0.420031849057662	0.417826061667652	0.432773489743966	0.430116368237369	0.419073248384708	0.430811425029816	0.425672473484688	0.433396671902874	0.272495827215218	0.228980939485638	0.296399975804738	0.198486924867745	0.23378706918461	0.314635405586585	0.333549178455502	0.332913694872827	0.290577944246905	0.268761550110754	0.232138315137237	0.264558784200109	0.263865319991172	0.251643727497709	0.258696955453532	0.409539599369453	0.187892687880054	0.221203159951566	0.275185866305667	0.190247869081297	0.17770577765412	0.185638866214795	0.217572789992938	0.256295720253568	0	0.260445889886171	0.0844100735933362	0.240509281132265	0.264021521013061	0.258659982178113	0.219931788411673	0.221897247870211	0.187462067896129	0.241586622558746	0.205528505512936	0.22320023486631	0.280258046723913	0.231184969432022	0.305063313007718	0.249847923429405
res06	0.512370266357829	0.50310187983283	0.503038583198793	0.49757878721505	0.518650556462016	0.501666901032169	0.499078365979182	0.511034782564891	0.500750210343967	0.515205028665366	0.302161022339633	0.233147057428561	0.257894628537509	0.342944495663832	0.215821994475966	0.284972407706161	0.278816978807455	0.251517618280887	0.276303735535865	0.212967539465346	0.199671080133219	0.201502706541322	0.269006012011406	0.264705462796995	0.270719586039024	0.396448948940495	0.238344301849422	0.239857086014605	0.289382398458679	0.185152877680487	0.214416980898081	0.220506803632356	0.268140567563537	0.219355064895087	0.260445889886171	0	0.231552172926041	0.058942609464475	0.282050071780802	0.214014793122614	0.190438313258507	0.243431944105222	0.264642129068983	0.31597717370505	0.216569137773364	0.257352576550661	0.33206575512167	0.30160573359764	0.238740278285524	0.245847773290826
res07	0.456974429266955	0.448753391735043	0.439763152008878	0.439413575363392	0.45264116124791	0.448019391812118	0.439173260669518	0.452384148095216	0.444516078311942	0.452316838603466	0.249109098975927	0.19985921262758	0.255150148909709	0.227651737255909	0.211064967530901	0.274731525370893	0.332957940342991	0.310298128781555	0.30153029372734	0.218596259327494	0.213934868217726	0.226354296311212	0.256255123248424	0.263279700467797	0.253304756924143	0.369677472134858	0.17338184843773	0.197357624307836	0.284910106403185	0.176899313773416	0.13826880026196	0.174718853783164	0.18871738926077	0.247148130632664	0.0844100735933362	0.231552172926041	0	0.205064567032479	0.237125342732039	0.206036980457534	0.170964761339493	0.154076622409251	0.192965774661222	0.244212236985246	0.143329260239915	0.089412457465713	0.254317251572314	0.248675506846277	0.228133897953948	0.212325115811732
res08	0.490605364989857	0.483069945860819	0.473436269750968	0.479625467350103	0.500166386003927	0.482644619068647	0.477105048582808	0.487111084643727	0.482328901616385	0.49723800327645	0.27638458748518	0.212623010846988	0.236817537596699	0.297087630286536	0.189846789515219	0.242295964854159	0.275949890733566	0.22450219663016	0.268152842530044	0.213557384580736	0.218397242011744	0.200514111300456	0.251291507440186	0.244223039816037	0.253214231806227	0.393750649768146	0.197635346768106	0.22682226481521	0.263254451865829	0.182160566483746	0.185492641750038	0.189458309577609	0.228617781136156	0.215993099795755	0.240509281132265	0.058942609464475	0.205064567032479	0	0.239941165910984	0.211851421759523	0.167223835803803	0.204108534955814	0.241942707151896	0.278895295272415	0.183373807353328	0.228900632179183	0.20041807248971	0.262767220217016	0.228957941921099	0.227721484546433
res09	0.475095046202763	0.470875811715491	0.463285721252116	0.466024271655652	0.484676666928576	0.470331152406102	0.465694455443832	0.471708234113692	0.466087791929762	0.482879435836424	0.188653434244563	0.230094424469951	0.259010579320448	0.26902127146438	0.189431332715718	0.280897140045355	0.377861588875378	0.330003828962272	0.258968072746922	0.239701266999666	0.260629555498314	0.178873576790802	0.266649721291363	0.261017847580415	0.278813225840746	0.420520842670256	0.252319155192117	0.189854401349424	0.303661105190787	0.199387865199738	0.216822902781793	0.178206439994274	0.209486362655335	0.24845627178986	0.264021521013061	0.282050071780802	0.237125342732039	0.239941165910984	0	0.185875826235818	0.182283075916906	0.190507421664515	0.201130517764237	0.289226461058716	0.172670365848698	0.246502622349614	0.23719888567963	0.22654682594825	0.194467323226601	0.182857618996586
res10	0.468017348636371	0.457768970699467	0.457611081560941	0.45430490739541	0.4749858261164	0.459502273071236	0.456504384433125	0.466467468254714	0.457360288590615	0.471729301105475	0.185573910486388	0.244846182710579	0.25387054801421	0.297262821611634	0.225279331033606	0.306945093482556	0.340130464905906	0.339434963792938	0.27575018387886	0.206700770957849	0.226354743645171	0.0994892998608861	0.258525311535693	0.285061056367628	0.278606353517188	0.436020811521026	0.272565775832032	0.203664047152815	0.309580831102184	0.18384342288001	0.198733594254486	0.189665187084996	0.237145426733503	0.226355914544811	0.258659982178113	0.214014793122614	0.206036980457534	0.211851421759523	0.185875826235818	0	0.177648156093224	0.210399140557045	0.220313019078184	0.339156279526093	0.192374635956257	0.210059531266945	0.290369119144431	0.282780893675682	0.141344033083174	0.18603610711058
hos01	0.477793424675141	0.471411969419593	0.462727242984381	0.462662782464119	0.476918273928803	0.469172285563013	0.462134173581101	0.471197347558522	0.465992077888601	0.475741183164104	0.237101421979556	0.170023781703443	0.219360133262915	0.259149269152386	0.171794088202486	0.250709183504772	0.356937277162885	0.306789347202658	0.251660431839907	0.183126582220645	0.183440528597066	0.17582912125982	0.260753478036111	0.262165550482514	0.268659974988465	0.377551215287247	0.206574278227359	0.171579645605042	0.290548083615504	0.136305601150219	0.103431481534573	0.143498056854419	0.191360141336595	0.217013858507868	0.219931788411673	0.190438313258507	0.170964761339493	0.167223835803803	0.182283075916906	0.177648156093224	0	0.134499715610539	0.182672067152261	0.237176844271472	0.131987934447812	0.179684365868374	0.247148981103505	0.228056722146636	0.19249965131339	0.175703036580985
hos02	0.501799110539616	0.492383172292302	0.48423828198121	0.487646477329452	0.501850296457399	0.490856811535204	0.486256508963521	0.496411339215525	0.490010017482027	0.501545042878079	0.226869851003141	0.176932358926101	0.230971403511559	0.252824788268329	0.17745504703324	0.236137887754204	0.363222682307299	0.294491431256122	0.279084820512778	0.19605961606569	0.219466008075481	0.201788000082649	0.244832405222865	0.25096894040978	0.251435454679312	0.391039896240104	0.197315774968505	0.175313211269321	0.29396471120617	0.16568120372464	0.128572513218482	0.141064348767804	0.167858235105213	0.245584693318181	0.221897247870211	0.243431944105222	0.154076622409251	0.204108534955814	0.190507421664515	0.210399140557045	0.134499715610539	0	0.175157354478796	0.256367472053676	0.142010417632558	0.150320035198497	0.228147476698317	0.259928423096726	0.21047508623633	0.208784435567364
hos03	0.459659340779127	0.448330825771326	0.431604949732276	0.450024877014245	0.464906761096204	0.450803668090549	0.445146453796056	0.447620388952551	0.44929674701545	0.463513890306153	0.25731475499273	0.233067525597828	0.29161307762743	0.19841098404942	0.196962716565637	0.318241839079807	0.330606000846586	0.335219537698091	0.247988493885752	0.255291918097567	0.238677510653174	0.20178123475518	0.246994976697808	0.216590334450561	0.21917682059958	0.45757082130738	0.258927601785955	0.191836056417423	0.265690955345741	0.171784216129107	0.15914194521352	0.130201622885386	0.182279301802326	0.204967210686098	0.187462067896129	0.264642129068983	0.192965774661222	0.241942707151896	0.201130517764237	0.220313019078184	0.182672067152261	0.175157354478796	0	0.280896624819379	0.185218101927653	0.229995788883694	0.251219860357013	0.220407345503362	0.236752076256615	0.233700766483836
hos04	0.514773977114215	0.513852517177679	0.509852859520802	0.49322861232573	0.49677261666015	0.510073874962428	0.49969904693158	0.510398890015769	0.50511278830674	0.500947073285454	0.308891486100173	0.230130392369518	0.265018869822007	0.25594476377681	0.233096039725135	0.266130941827242	0.3730092358871	0.301845264869645	0.324895778599098	0.25854441383831	0.271009006267059	0.311947759954336	0.275356867679818	0.264330163381644	0.284970111628611	0.359223026587632	0.218916689956637	0.223450701578272	0.325073573497878	0.200220326969928	0.237652238798998	0.21204659254852	0.269079090728266	0.313899582247289	0.241586622558746	0.31597717370505	0.244212236985246	0.278895295272415	0.289226461058716	0.339156279526093	0.237176844271472	0.256367472053676	0.280896624819379	0	0.242994689842463	0.297185953426014	0.303455030800231	0.257697950294597	0.371778867054242	0.297409887453109
hos05	0.452653726168042	0.445417931876777	0.434074970900491	0.436309369780523	0.451895852631397	0.443997422111743	0.436170864091109	0.446472314016544	0.439103310886791	0.452203001357651	0.240845259822722	0.184268796147273	0.222216064983219	0.263641995467582	0.185887754513575	0.252668662618239	0.347137575796078	0.302761227364388	0.288589934450164	0.188868156392099	0.211832886951664	0.193084539540183	0.262354004176972	0.256869198872508	0.265863505160137	0.354378955618357	0.204880701672514	0.190963974354415	0.279398697257281	0.153846359411125	0.13425737807534	0.140245673166896	0.168751712140333	0.235754782120026	0.205528505512936	0.216569137773364	0.143329260239915	0.183373807353328	0.172670365848698	0.192374635956257	0.131987934447812	0.142010417632558	0.185218101927653	0.242994689842463	0	0.156270912066313	0.225298040333816	0.245082531111516	0.189751291096236	0.167595658448294
hos06	0.490115477713825	0.481958471072159	0.472892377199858	0.473232598092106	0.487411762121675	0.482042828115055	0.470737090744704	0.485366999943301	0.477469874259799	0.487977378127467	0.265883893626359	0.220520141768131	0.262099212178456	0.281822949985803	0.241316669743506	0.285253122724604	0.376999832982004	0.340347037967426	0.324430351193776	0.213349376657799	0.243341505480122	0.224604240557146	0.283249917797419	0.305941838606173	0.299706448856581	0.368767876942782	0.2442377791462	0.220103395271412	0.334636378036153	0.214924693084379	0.167091817039742	0.203864421573499	0.207712977858662	0.283088114365681	0.22320023486631	0.257352576550661	0.089412457465713	0.228900632179183	0.246502622349614	0.210059531266945	0.179684365868374	0.150320035198497	0.229995788883694	0.297185953426014	0.156270912066313	0	0.275126702618394	0.295021537548265	0.204879163707549	0.218360281274375
hos07	0.455074358861888	0.447165513527328	0.42485824029976	0.453274901718722	0.467659278098561	0.447660376759122	0.443518630310695	0.444280631664085	0.449793511959164	0.465953251833738	0.307078370356558	0.275288878084039	0.296474957184187	0.272149988863873	0.255038436585397	0.268435718685046	0.367694286043562	0.307938031982976	0.329001942060721	0.326200380528365	0.353298673328497	0.294169314052935	0.309152604953139	0.284032093788565	0.308305185862907	0.468087883546049	0.241062261976143	0.283392832844691	0.311567571524468	0.271059317803813	0.249433177065611	0.219455737779992	0.239085799956928	0.307980983935313	0.280258046723913	0.33206575512167	0.254317251572314	0.20041807248971	0.23719888567963	0.290369119144431	0.247148981103505	0.228147476698317	0.251219860357013	0.303455030800231	0.225298040333816	0.275126702618394	0	0.261346866020666	0.295281482595776	0.279956363278188
hos08	0.456560117734944	0.456356071907656	0.441168748650946	0.447267756771646	0.462027929532819	0.452824617856673	0.445178152444647	0.452045612557287	0.44986121465063	0.460482314312474	0.275556515270263	0.27623600089838	0.312422085142222	0.197207418698203	0.20362042987664	0.323713710820348	0.376376945135442	0.358884241508422	0.251896151670176	0.301074758574663	0.294305911357817	0.277125220969454	0.291220345945478	0.284284446356029	0.282994904616216	0.451953975911614	0.269356883609689	0.245735268037971	0.279670139087072	0.217614659995838	0.244468205838528	0.21525206634947	0.252118214891016	0.266032033399378	0.231184969432022	0.30160573359764	0.248675506846277	0.262767220217016	0.22654682594825	0.282780893675682	0.228056722146636	0.259928423096726	0.220407345503362	0.257697950294597	0.245082531111516	0.295021537548265	0.261346866020666	0	0.275974699445482	0.244592596266229
hos09	0.470533052146078	0.460997165474489	0.458325992185665	0.467588557485828	0.482480100386687	0.461411515212577	0.463872662490478	0.469532334547764	0.463011332765254	0.479199432561672	0.227610331286431	0.280160419365511	0.258601754019527	0.343293546285194	0.216490272647627	0.327798088172913	0.395806855347917	0.374615348706951	0.275112844485367	0.20937866110803	0.269817337983001	0.146177980913132	0.310623619635071	0.304347368505051	0.300314830232736	0.452057326522276	0.303734178365076	0.222940961313008	0.340789757492777	0.211748724490699	0.233771363007539	0.220585746354095	0.232112892796278	0.253560668091631	0.305063313007718	0.238740278285524	0.228133897953948	0.228957941921099	0.194467323226601	0.141344033083174	0.19249965131339	0.21047508623633	0.236752076256615	0.371778867054242	0.189751291096236	0.204879163707549	0.295281482595776	0.275974699445482	0	0.17625305225668
hos10	0.453174405371001	0.449791090734294	0.443749156015952	0.435392086575273	0.455215630527712	0.447070107161671	0.436184152989477	0.450911426821408	0.441628853411756	0.45405663936241	0.230487095075993	0.181952575045028	0.240782304998537	0.314765501544665	0.227201524371064	0.303464477315321	0.375346930131449	0.35225895086012	0.329604200025297	0.190068478693193	0.227487834642443	0.181058869544748	0.282867005202578	0.307720907803293	0.317116057317443	0.354846106261207	0.26207047774738	0.232580521230324	0.289328873755052	0.175091245106263	0.207374872739983	0.185264535673246	0.245292596691738	0.259432880370767	0.249847923429405	0.245847773290826	0.212325115811732	0.227721484546433	0.182857618996586	0.18603610711058	0.175703036580985	0.208784435567364	0.233700766483836	0.297409887453109	0.167595658448294	0.218360281274375	0.279956363278188	0.244592596266229	0.17625305225668	0
